# x,y,theta (radians)
-4.000000,-4.000000,1.570796
-3.997228,-3.883800,1.571333
-3.994094,-3.775340,1.573432
-4.005157,-3.669688,1.572632
-3.994558,-3.576473,1.573561
-3.992583,-3.483168,1.576548
-4.007350,-3.359471,1.576417
-3.988182,-3.241927,1.578604
-3.967685,-3.155349,1.578858
-3.950801,-3.043283,1.577120
-3.948172,-2.938350,1.576987
-3.949267,-2.828755,1.574347
-3.953755,-2.724255,1.573049
-3.935518,-2.619645,1.573165
-3.931153,-2.511027,1.572006
-3.929380,-2.419266,1.571484
-3.927765,-2.333986,1.571406
-3.898895,-2.234741,1.568449
-3.884930,-2.148521,1.568705
-3.874606,-2.017463,1.569619
-3.855951,-1.883263,1.568967
-3.841036,-1.768091,1.568527
-3.863053,-1.690083,1.567187
-3.880618,-1.587419,1.567242
-3.868153,-1.492816,1.566318
-3.875594,-1.403547,1.565863
-3.874333,-1.303029,1.565918
-3.881417,-1.198729,1.565918
-3.881860,-1.097353,1.566202
-3.877413,-0.999099,1.563224
-3.902832,-0.909429,1.562315
-3.892507,-0.820064,1.560869
-3.882520,-0.702877,1.561961
-3.889656,-0.607388,1.557793
-3.870250,-0.501378,1.560707
-3.882280,-0.400927,1.562848
-3.874078,-0.282942,1.563654
-3.906325,-0.192641,1.566840
-3.906773,-0.105581,1.565354
-3.910607,-0.005333,1.561933
-3.892001,0.069400,1.559541
-3.871042,0.155118,1.559689
-3.864059,0.267776,1.562038
-3.884736,0.374717,1.562592
-3.905494,0.487374,1.565403
-3.878046,0.594415,1.565545
-3.872772,0.695025,1.566866
-3.880656,0.787321,1.569118
-3.908866,0.908006,1.570039
-3.901701,1.034883,1.570006
-3.903908,1.149814,1.571953
-3.931999,1.271354,1.573720
-3.931444,1.363649,1.571986
-3.952926,1.454492,1.570263
-3.952901,1.555432,1.572237
-3.973290,1.653455,1.568350
-3.993282,1.739093,1.565888
-3.977724,1.820776,1.564126
-3.951160,1.917459,1.565052
-3.980697,2.048366,1.564673
-3.975943,2.151081,1.563022
-3.971055,2.249008,1.560685
-3.961028,2.321855,1.559582
-3.926947,2.411488,1.560695
-3.926170,2.534057,1.561968
-3.900093,2.622349,1.563414
-3.913401,2.719403,1.561864
-3.913466,2.823384,1.562047
-3.901958,2.904369,1.561941
-3.894180,3.006111,1.555935
-3.913855,3.100819,1.550982
-3.905839,3.210386,1.549582
-3.910526,3.285228,1.551626
-3.904924,3.368607,1.549393
-3.889976,3.470801,1.550626
-3.864598,3.582065,1.548662
-3.840225,3.682089,1.550222
-3.842262,3.764301,1.551313
-3.845133,3.847532,1.552103
-3.868059,3.957436,1.551800
-3.876732,4.073960,1.551095
-3.876004,4.091549,1.534004
-3.886618,4.100802,1.513721
-3.888088,4.109345,1.495757
-3.877017,4.096877,1.480390
-3.863989,4.089664,1.463398
-3.836314,4.085934,1.448022
-3.834770,4.107366,1.432700
-3.844625,4.142462,1.414921
-3.858281,4.112872,1.399184
-3.854481,4.112574,1.382015
-3.843451,4.136228,1.366945
-3.868450,4.146809,1.348585
-3.860476,4.172866,1.329263
-3.859773,4.184767,1.311561
-3.857508,4.187056,1.294856
-3.853801,4.211230,1.276495
-3.867084,4.201268,1.261431
-3.864941,4.188096,1.246848
-3.881622,4.193007,1.227088
-3.875442,4.215565,1.209663
-3.861952,4.205656,1.192333
-3.847113,4.183125,1.172583
-3.832802,4.215929,1.153052
-3.823535,4.219742,1.137557
-3.834478,4.238699,1.122842
-3.852100,4.235533,1.106727
-3.860399,4.227973,1.088469
-3.850350,4.222992,1.071780
-3.830435,4.230199,1.057327
-3.822415,4.247086,1.038427
-3.806281,4.249836,1.021520
-3.822491,4.261656,1.002981
-3.840476,4.280767,0.990246
-3.827274,4.301881,0.973050
-3.820755,4.307081,0.954110
-3.801793,4.332205,0.935162
-3.785776,4.336669,0.914263
-3.784772,4.369043,0.896958
-3.780618,4.380508,0.883783
-3.773434,4.384691,0.866070
-3.737428,4.403340,0.848459
-3.728751,4.412125,0.831293
-3.727273,4.403386,0.811090
-3.720555,4.412119,0.793246
-3.700012,4.415813,0.776407
-3.692046,4.425077,0.757640
-3.682455,4.430351,0.741541
-3.664778,4.445736,0.724279
-3.645809,4.460080,0.701872
-3.656416,4.470859,0.682642
-3.647428,4.489136,0.662488
-3.633191,4.497487,0.645405
-3.643021,4.515179,0.625151
-3.664646,4.521485,0.610960
-3.651096,4.547797,0.591186
-3.642760,4.558141,0.573032
-3.652917,4.570805,0.554112
-3.648371,4.572798,0.536092
-3.664218,4.584021,0.515095
-3.642829,4.582087,0.500556
-3.640803,4.600965,0.488504
-3.649831,4.615901,0.469635
-3.653742,4.615516,0.454326
-3.637872,4.604867,0.435240
-3.634270,4.624032,0.418006
-3.633743,4.636458,0.398159
-3.613779,4.635965,0.380289
-3.599311,4.618487,0.363370
-3.566858,4.632482,0.347701
-3.577673,4.631565,0.330408
-3.564575,4.646052,0.309990
-3.562813,4.647533,0.297596
-3.546116,4.634710,0.277095
-3.539086,4.627146,0.259008
-3.539539,4.633711,0.241787
-3.535785,4.644408,0.221003
-3.530700,4.646986,0.203038
-3.507117,4.625949,0.186085
-3.532019,4.597173,0.166600
-3.510033,4.583853,0.149216
-3.487406,4.595605,0.131620
-3.487519,4.619455,0.113320
-3.475763,4.641857,0.091079
-3.476737,4.657460,0.075157
-3.463420,4.651918,0.061068
-3.457053,4.648206,0.043232
-3.446197,4.629470,0.026698
-3.439615,4.622570,0.013549
-3.438408,4.598295,-0.003003
-3.443617,4.580200,-0.019590
-3.433242,4.601032,-0.030985
-3.414312,4.597334,-0.048079
-3.421928,4.612650,-0.066789
-3.407996,4.611055,-0.084818
-3.412827,4.596684,-0.101464
-3.400115,4.595837,-0.122686
-3.374068,4.597945,-0.137175
-3.366925,4.629043,-0.158524
-3.364127,4.639097,-0.173921
-3.364245,4.643763,-0.193804
-3.349116,4.631764,-0.208140
-3.335598,4.624299,-0.223542
-3.324255,4.632115,-0.239853
-3.328934,4.627558,-0.259954
-3.327948,4.623581,-0.281525
-3.303284,4.639065,-0.301222
-3.302274,4.644686,-0.315192
-3.296620,4.628686,-0.330822
-3.278341,4.625793,-0.344883
-3.280516,4.618101,-0.362611
-3.301635,4.619287,-0.380917
-3.321304,4.604921,-0.397318
-3.335835,4.586248,-0.414284
-3.301982,4.561681,-0.432526
-3.286954,4.543050,-0.449884
-3.279867,4.531857,-0.467972
-3.265411,4.528559,-0.485964
-3.268614,4.502543,-0.506317
-3.267231,4.506957,-0.520308
-3.277551,4.496625,-0.540601
-3.263821,4.463581,-0.558989
-3.254821,4.470593,-0.575971
-3.210941,4.480412,-0.594934
-3.204983,4.463245,-0.612315
-3.200458,4.462782,-0.629405
-3.180443,4.465303,-0.644957
-3.170132,4.454704,-0.660844
-3.170580,4.435306,-0.680275
-3.176585,4.438403,-0.699329
-3.158024,4.450882,-0.714952
-3.172110,4.437226,-0.731483
-3.147262,4.421216,-0.749753
-3.127274,4.423086,-0.766629
-3.128330,4.425933,-0.785391
-3.122543,4.433939,-0.805558
-3.117151,4.437853,-0.820825
-3.116473,4.425636,-0.840181
-3.134222,4.432728,-0.856513
-3.121668,4.408560,-0.874560
-3.121057,4.416143,-0.890747
-3.105104,4.418926,-0.908239
-3.113040,4.432710,-0.927302
-3.098541,4.419473,-0.943267
-3.095189,4.393370,-0.959944
-3.099831,4.363244,-0.977969
-3.092985,4.363526,-0.993689
-3.079358,4.348418,-1.010207
-3.086029,4.337413,-1.027717
-3.068921,4.320383,-1.044924
-3.059825,4.329077,-1.065003
-3.055843,4.307496,-1.083259
-3.035045,4.298240,-1.097135
-3.039952,4.282681,-1.114387
-3.026910,4.288286,-1.135622
-3.023359,4.270706,-1.153141
-3.033701,4.265986,-1.167497
-3.033153,4.276461,-1.187689
-3.040854,4.279319,-1.205897
-3.066328,4.289620,-1.223998
-3.059097,4.277202,-1.241957
-3.046616,4.258177,-1.260881
-3.025448,4.245151,-1.279475
-3.011878,4.252679,-1.295589
-3.012089,4.266605,-1.315358
-3.022479,4.280592,-1.333835
-3.043349,4.274134,-1.349159
-3.063655,4.269216,-1.365807
-3.052249,4.264325,-1.385488
-3.031467,4.249699,-1.403519
-3.032869,4.244470,-1.424001
-3.024179,4.221671,-1.443748
-3.025497,4.198604,-1.460834
-3.029974,4.195714,-1.480663
-3.028544,4.191990,-1.501245
-3.010574,4.188639,-1.516892
-3.017663,4.176328,-1.536715
-3.052620,4.167645,-1.554282
-3.046370,4.158246,-1.571960
-3.056690,4.129989,-1.589841
-3.057679,4.132339,-1.608898
-3.030106,4.160364,-1.611309
-3.042140,4.050533,-1.609052
-3.044374,3.961069,-1.611559
-3.014122,3.889650,-1.611151
-3.020395,3.786177,-1.615232
-3.031877,3.692181,-1.615249
-3.018553,3.572532,-1.613626
-3.010600,3.491163,-1.613630
-3.014496,3.403180,-1.612562
-3.020494,3.310592,-1.613311
-3.050407,3.200359,-1.611759
-3.049799,3.097960,-1.611011
-3.056104,2.991550,-1.610628
-3.047810,2.892054,-1.611370
-3.052034,2.790978,-1.610462
-3.061909,2.688738,-1.608917
-3.070216,2.607627,-1.605482
-3.069929,2.514585,-1.605610
-3.058702,2.408364,-1.605895
-3.060244,2.307810,-1.603869
-3.074955,2.218903,-1.602616
-3.072248,2.091087,-1.602905
-3.094045,1.997778,-1.601801
-3.113330,1.899569,-1.598631
-3.098930,1.785773,-1.597525
-3.110444,1.671074,-1.595839
-3.101203,1.573268,-1.592196
-3.099366,1.470247,-1.593369
-3.134238,1.347833,-1.593384
-3.129615,1.227968,-1.593470
-3.135970,1.131299,-1.593152
-3.129128,1.020308,-1.590342
-3.116762,0.920242,-1.589533
-3.129926,0.828722,-1.586635
-3.123315,0.733708,-1.582524
-3.101047,0.635398,-1.586873
-3.101695,0.538978,-1.590405
-3.103653,0.442500,-1.593528
-3.113004,0.331749,-1.593288
-3.107918,0.251698,-1.592906
-3.095246,0.164768,-1.591420
-3.067367,0.084817,-1.590788
-3.044374,-0.022061,-1.588713
-3.043501,-0.130656,-1.589202
-3.053079,-0.253101,-1.590369
-3.039990,-0.360665,-1.589557
-3.046580,-0.476580,-1.589015
-3.045115,-0.569290,-1.590317
-3.033719,-0.649731,-1.591174
-3.021171,-0.754408,-1.589290
-2.990796,-0.854946,-1.588955
-3.003380,-0.957543,-1.588030
-2.992347,-1.067897,-1.588975
-2.977632,-1.182632,-1.588617
-2.986291,-1.288163,-1.590129
-2.981059,-1.404525,-1.592002
-2.979167,-1.521317,-1.591205
-2.960636,-1.645333,-1.590369
-2.953059,-1.776165,-1.589693
-2.974779,-1.890045,-1.588658
-2.964034,-1.983899,-1.588330
-2.971717,-2.115874,-1.588388
-2.977139,-2.200120,-1.587545
-2.990717,-2.320183,-1.584553
-2.992637,-2.416131,-1.583053
-2.987076,-2.526441,-1.579981
-2.983270,-2.646219,-1.583356
-2.972794,-2.735369,-1.581491
-2.976876,-2.859323,-1.577603
-2.981508,-2.960758,-1.578610
-2.986603,-3.054482,-1.576780
-2.981532,-3.146447,-1.578775
-2.970919,-3.250916,-1.581337
-2.971235,-3.331666,-1.579820
-2.973110,-3.421918,-1.579155
-2.958538,-3.538944,-1.578935
-2.950526,-3.631621,-1.575503
-2.955412,-3.723289,-1.576755
-2.932563,-3.798430,-1.578898
-2.928176,-3.882929,-1.575205
-2.918555,-3.987114,-1.575772
-2.936459,-3.983581,-1.560887
-2.955673,-3.986966,-1.541423
-2.963205,-3.979943,-1.523898
-2.973137,-3.996906,-1.509870
-2.989229,-4.024824,-1.493349
-2.982108,-4.058015,-1.475030
-2.981809,-4.041617,-1.455989
-2.979438,-4.027770,-1.437942
-2.974297,-4.032254,-1.422869
-2.988142,-4.045460,-1.406098
-2.978287,-4.025745,-1.387875
-2.964667,-4.028980,-1.369890
-2.979538,-4.039893,-1.353214
-2.978101,-4.048142,-1.336559
-2.980855,-4.040973,-1.320439
-2.955606,-4.029957,-1.304148
-2.940613,-4.059274,-1.286754
-2.935547,-4.063221,-1.266280
-2.910019,-4.063927,-1.251922
-2.880052,-4.059951,-1.233619
-2.889335,-4.067467,-1.216228
-2.858417,-4.070479,-1.199948
-2.850771,-4.073769,-1.179625
-2.866341,-4.078275,-1.159045
-2.881480,-4.092713,-1.143627
-2.909872,-4.109959,-1.130052
-2.904707,-4.119469,-1.114549
-2.898924,-4.102305,-1.101477
-2.906416,-4.110213,-1.086663
-2.910442,-4.107622,-1.067597
-2.918423,-4.116445,-1.047957
-2.916360,-4.136238,-1.029718
-2.925919,-4.153488,-1.011350
-2.904268,-4.161976,-0.994905
-2.900881,-4.153818,-0.977107
-2.878115,-4.174870,-0.958587
-2.865891,-4.190176,-0.940775
-2.872996,-4.182781,-0.923423
-2.858894,-4.191593,-0.907383
-2.844796,-4.217114,-0.889327
-2.839544,-4.199298,-0.871851
-2.854189,-4.205370,-0.853922
-2.861806,-4.198813,-0.838158
-2.841883,-4.212970,-0.819975
-2.845692,-4.221773,-0.806038
-2.842808,-4.208157,-0.789256
-2.855587,-4.225303,-0.772263
-2.874431,-4.205463,-0.755516
-2.885285,-4.212008,-0.736466
-2.880633,-4.237001,-0.720114
-2.881843,-4.234148,-0.699642
-2.867085,-4.244578,-0.680581
-2.858363,-4.242632,-0.666089
-2.843967,-4.243867,-0.647171
-2.829844,-4.245885,-0.629940
-2.833573,-4.268600,-0.617054
-2.841520,-4.240755,-0.602113
-2.844140,-4.222122,-0.583700
-2.855937,-4.201540,-0.564808
-2.845277,-4.196993,-0.548638
-2.823725,-4.199400,-0.530295
-2.816950,-4.198601,-0.513174
-2.802522,-4.207249,-0.495825
-2.803203,-4.217665,-0.479012
-2.798470,-4.219134,-0.460963
-2.780296,-4.211152,-0.443557
-2.775255,-4.226641,-0.428431
-2.787717,-4.225032,-0.413036
-2.790883,-4.227905,-0.396232
-2.758430,-4.234059,-0.383747
-2.752827,-4.243303,-0.367416
-2.714590,-4.256338,-0.350113
-2.707013,-4.274742,-0.334823
-2.686526,-4.265435,-0.315995
-2.695871,-4.280299,-0.296137
-2.699324,-4.259637,-0.278364
-2.726253,-4.247781,-0.261261
-2.741985,-4.256799,-0.244984
-2.746631,-4.267353,-0.227793
-2.729845,-4.273868,-0.213810
-2.747795,-4.297233,-0.194465
-2.751001,-4.308216,-0.175708
-2.748698,-4.310953,-0.158826
-2.755845,-4.308736,-0.142249
-2.730975,-4.331465,-0.121911
-2.717417,-4.358318,-0.104657
-2.718190,-4.371877,-0.087729
-2.693637,-4.370950,-0.071214
-2.657518,-4.357240,-0.052027
-2.633265,-4.340428,-0.035351
-2.605026,-4.357591,-0.016630
-2.621559,-4.311685,0.002465
-2.609935,-4.321247,0.015214
-2.604566,-4.317342,0.034470
-2.600243,-4.340841,0.051866
-2.581240,-4.339573,0.067701
-2.594872,-4.299064,0.086416
-2.580998,-4.295581,0.102117
-2.577210,-4.299464,0.118935
-2.578021,-4.301668,0.132917
-2.570364,-4.306457,0.153638
-2.550251,-4.320665,0.167672
-2.556189,-4.301121,0.184782
-2.522230,-4.294444,0.203769
-2.496937,-4.301463,0.221049
-2.480608,-4.317585,0.239645
-2.474809,-4.300221,0.257346
-2.450453,-4.289451,0.274372
-2.440494,-4.304093,0.289995
-2.416200,-4.300779,0.307193
-2.424011,-4.305787,0.325877
-2.396906,-4.306591,0.340799
-2.412763,-4.292907,0.360869
-2.404264,-4.280325,0.373259
-2.390896,-4.264502,0.390437
-2.399552,-4.270602,0.410372
-2.384385,-4.282385,0.426688
-2.390742,-4.274332,0.443711
-2.363936,-4.266705,0.462326
-2.366767,-4.263217,0.482701
-2.373876,-4.259991,0.501272
-2.382267,-4.233696,0.516100
-2.368808,-4.254897,0.535957
-2.398461,-4.238480,0.554348
-2.419077,-4.249677,0.574057
-2.393276,-4.235250,0.590193
-2.408596,-4.240158,0.607886
-2.398045,-4.236696,0.629083
-2.418632,-4.210076,0.644510
-2.434598,-4.215761,0.661144
-2.433959,-4.233463,0.680098
-2.421195,-4.240928,0.698185
-2.392340,-4.229869,0.714319
-2.391924,-4.230335,0.731042
-2.379042,-4.227003,0.749571
-2.365174,-4.210241,0.766414
-2.327094,-4.189005,0.783458
-2.319918,-4.166626,0.798765
-2.321622,-4.147795,0.814738
-2.313873,-4.158435,0.831457
-2.333805,-4.175433,0.847673
-2.338002,-4.166849,0.868425
-2.343089,-4.188975,0.886714
-2.336355,-4.185440,0.904838
-2.325771,-4.183691,0.920488
-2.331597,-4.166535,0.942069
-2.334524,-4.152013,0.957567
-2.320028,-4.171581,0.973220
-2.327467,-4.184183,0.990555
-2.302634,-4.187242,1.006829
-2.288886,-4.170150,1.023144
-2.276103,-4.163584,1.041930
-2.272922,-4.167045,1.057414
-2.274316,-4.157619,1.073392
-2.248961,-4.123932,1.090521
-2.238437,-4.102666,1.106831
-2.243827,-4.103730,1.124177
-2.224646,-4.095924,1.139830
-2.238076,-4.072192,1.155133
-2.226505,-4.079570,1.172920
-2.240621,-4.084469,1.190618
-2.230854,-4.096329,1.210556
-2.250755,-4.090660,1.227230
-2.231986,-4.062198,1.244850
-2.218731,-4.064582,1.260920
-2.189876,-4.059331,1.277787
-2.189687,-4.057825,1.295835
-2.170396,-4.046685,1.309551
-2.144822,-4.026695,1.324985
-2.118466,-4.026933,1.341195
-2.122598,-4.007296,1.357701
-2.116078,-3.995200,1.376071
-2.123328,-3.990320,1.393012
-2.124799,-3.964804,1.410158
-2.144914,-3.946575,1.427297
-2.138649,-3.944067,1.448143
-2.172033,-3.931089,1.464225
-2.161806,-3.910974,1.483782
-2.161181,-3.889373,1.498542
-2.157432,-3.867961,1.516409
-2.151913,-3.882373,1.517837
-2.127085,-3.786649,1.520162
-2.129662,-3.689486,1.521944
-2.118936,-3.599791,1.520893
-2.107584,-3.499196,1.522790
-2.105202,-3.393581,1.519503
-2.095099,-3.303831,1.520309
-2.093824,-3.222168,1.519163
-2.099244,-3.124279,1.521565
-2.081637,-2.990947,1.523673
-2.083865,-2.910998,1.523645
-2.087709,-2.803039,1.521846
-2.094250,-2.723423,1.520658
-2.100543,-2.609030,1.519872
-2.125456,-2.516451,1.518823
-2.111096,-2.429079,1.515473
-2.093242,-2.337931,1.512469
-2.082565,-2.245504,1.510538
-2.074390,-2.167864,1.511623
-2.073977,-2.061318,1.512250
-2.054806,-1.957486,1.510452
-2.045014,-1.860087,1.510364
-2.035086,-1.759603,1.508513
-2.030483,-1.651151,1.511987
-2.041029,-1.532000,1.513959
-2.027019,-1.420971,1.512914
-2.019411,-1.318075,1.511384
-2.006448,-1.209460,1.513390
-1.988553,-1.129174,1.514199
-1.979965,-1.013860,1.514770
-1.965897,-0.934055,1.515530
-1.964960,-0.844901,1.514861
-1.943188,-0.744946,1.515502
-1.938317,-0.663293,1.515317
-1.938064,-0.557434,1.516907
-1.960713,-0.455315,1.517429
-1.968919,-0.362545,1.517849
-1.994060,-0.263384,1.520124
-1.989755,-0.135403,1.520414
-1.976655,-0.021515,1.520663
-1.978698,0.086083,1.521124
-1.964917,0.201394,1.520468
-1.942791,0.290798,1.519224
-1.925824,0.393760,1.519299
-1.956537,0.482792,1.517713
-1.965003,0.579031,1.515660
-1.963888,0.690970,1.515558
-1.962298,0.779426,1.513787
-1.965642,0.889300,1.512640
-1.944033,0.956946,1.512968
-1.919882,1.072140,1.512238
-1.900867,1.165877,1.511912
-1.891169,1.281530,1.513372
-1.902497,1.379024,1.517451
-1.883379,1.476740,1.516095
-1.880000,1.587615,1.515871
-1.877166,1.671564,1.512478
-1.852320,1.774741,1.513442
-1.866034,1.864834,1.512951
-1.875652,1.962969,1.513389
-1.879015,2.061702,1.517456
-1.868970,2.165286,1.519263
-1.861565,2.237052,1.517828
-1.846799,2.327638,1.517781
-1.839747,2.433613,1.518674
-1.848691,2.554060,1.520187
-1.866363,2.657684,1.519579
-1.879457,2.749837,1.520814
-1.873010,2.865613,1.522307
-1.893602,2.952246,1.519051
-1.902399,3.031591,1.519087
-1.906004,3.141817,1.517317
-1.885755,3.238717,1.516123
-1.881339,3.316922,1.514867
-1.860597,3.446436,1.513930
-1.857991,3.530292,1.509949
-1.857372,3.597581,1.508205
-1.860211,3.694400,1.508746
-1.840819,3.807100,1.511225
-1.841370,3.903796,1.515786
-1.840673,4.040674,1.515183
-1.838278,4.029333,1.498275
-1.848439,4.026235,1.480522
-1.851946,4.040433,1.463745
-1.874658,4.062472,1.448586
-1.846015,4.097313,1.429996
-1.837555,4.094321,1.412086
-1.826765,4.119980,1.392669
-1.825342,4.116754,1.373732
-1.814697,4.108512,1.354925
-1.836967,4.106898,1.338875
-1.815400,4.105463,1.318660
-1.784525,4.160709,1.301536
-1.785248,4.165216,1.283893
-1.789281,4.208669,1.266975
-1.784565,4.220004,1.248490
-1.809207,4.228001,1.231562
-1.790447,4.227742,1.212587
-1.793179,4.232391,1.196178
-1.782771,4.251593,1.177608
-1.754571,4.244070,1.162840
-1.754774,4.260037,1.143254
-1.761603,4.288323,1.123540
-1.760897,4.299268,1.106356
-1.745858,4.328495,1.091054
-1.750770,4.341492,1.072743
-1.757865,4.350746,1.057080
-1.740367,4.329678,1.035946
-1.735348,4.335236,1.016983
-1.738204,4.333996,0.999631
-1.702281,4.355897,0.983775
-1.694724,4.391309,0.967206
-1.690927,4.386335,0.950215
-1.680714,4.417076,0.932479
-1.672244,4.437301,0.913012
-1.658959,4.450013,0.894495
-1.622571,4.442387,0.876156
-1.637296,4.466417,0.859314
-1.630170,4.495961,0.842604
-1.619093,4.507114,0.826446
-1.587708,4.545051,0.812310
-1.582501,4.548530,0.793817
-1.571010,4.572957,0.778026
-1.581632,4.596538,0.757900
-1.569068,4.609078,0.738097
-1.551829,4.614398,0.718958
-1.531407,4.596534,0.703398
-1.549405,4.592186,0.684918
-1.529563,4.598718,0.666650
-1.542911,4.587907,0.650159
-1.520795,4.592201,0.632495
-1.522651,4.614304,0.614162
-1.512827,4.605788,0.596412
-1.489068,4.618093,0.582016
-1.480496,4.593132,0.565976
-1.468063,4.608722,0.545667
-1.462781,4.611166,0.528437
-1.462655,4.616060,0.513162
-1.456599,4.644431,0.496384
-1.442338,4.627219,0.479971
-1.423514,4.641380,0.460761
-1.447049,4.648006,0.446054
-1.439806,4.646057,0.430509
-1.421150,4.637768,0.414614
-1.404975,4.635783,0.396331
-1.406093,4.622091,0.382233
-1.404376,4.614816,0.364533
-1.387156,4.619611,0.348097
-1.373652,4.635960,0.330351
-1.359661,4.668516,0.315109
-1.354369,4.640660,0.296342
-1.339727,4.647350,0.277426
-1.336442,4.626811,0.259871
-1.333108,4.633697,0.239793
-1.333100,4.616141,0.219586
-1.339243,4.655989,0.203604
-1.323108,4.660512,0.184347
-1.320269,4.657569,0.163791
-1.314800,4.628832,0.144120
-1.324811,4.629610,0.125392
-1.316016,4.631942,0.108355
-1.301161,4.630694,0.088221
-1.286507,4.645111,0.067368
-1.291376,4.640255,0.049926
-1.273604,4.658858,0.031069
-1.245543,4.665283,0.012820
-1.235674,4.650579,-0.001964
-1.235641,4.634233,-0.018249
-1.241048,4.629686,-0.038968
-1.215018,4.627758,-0.053466
-1.226483,4.631498,-0.071449
-1.213668,4.639282,-0.087938
-1.197311,4.615030,-0.107405
-1.193476,4.620779,-0.126607
-1.185288,4.613392,-0.148790
-1.167611,4.620851,-0.167083
-1.168533,4.618128,-0.182789
-1.180801,4.603967,-0.203302
-1.153158,4.598990,-0.218297
-1.157876,4.581170,-0.235506
-1.164542,4.575774,-0.253621
-1.145931,4.541511,-0.269803
-1.129343,4.534556,-0.284503
-1.127512,4.519160,-0.304710
-1.111324,4.518956,-0.318679
-1.092475,4.520633,-0.335443
-1.069669,4.500825,-0.349286
-1.045215,4.462161,-0.366424
-1.035274,4.456908,-0.384985
-1.017708,4.450679,-0.408089
-1.007957,4.457170,-0.427617
-1.001351,4.443576,-0.443985
-1.014811,4.432042,-0.460991
-1.004493,4.399488,-0.479104
-1.003077,4.403395,-0.493500
-0.976051,4.394179,-0.510271
-0.985427,4.411230,-0.530643
-0.979064,4.423875,-0.549342
-0.967309,4.407822,-0.565281
-0.933273,4.400090,-0.581557
-0.931323,4.393158,-0.602900
-0.947250,4.393535,-0.621795
-0.947198,4.413745,-0.639022
-0.960691,4.403006,-0.658211
-0.951962,4.413642,-0.676889
-0.966470,4.429055,-0.694679
-0.927735,4.416110,-0.712042
-0.944293,4.423615,-0.728532
-0.962956,4.409174,-0.745375
-0.962044,4.397572,-0.761317
-0.952273,4.385096,-0.781351
-0.955107,4.360465,-0.798504
-0.953695,4.338794,-0.817659
-0.946977,4.349181,-0.834549
-0.947621,4.342292,-0.850940
-0.901851,4.335323,-0.867582
-0.891443,4.331652,-0.883856
-0.856678,4.315925,-0.903711
-0.834202,4.318453,-0.921724
-0.816110,4.318229,-0.941834
-0.826172,4.310129,-0.960467
-0.819708,4.304759,-0.978170
-0.763688,4.292331,-0.996067
-0.731892,4.284732,-1.013737
-0.727824,4.257101,-1.027708
-0.741785,4.248877,-1.042658
-0.735320,4.235256,-1.060402
-0.729078,4.237719,-1.079331
-0.738726,4.227253,-1.098722
-0.728003,4.213375,-1.116267
-0.717343,4.180270,-1.135790
-0.727300,4.197188,-1.149722
-0.709387,4.168173,-1.169436
-0.700917,4.148563,-1.188027
-0.701620,4.150357,-1.204352
-0.710348,4.109678,-1.221750
-0.716904,4.090453,-1.239864
-0.697783,4.095646,-1.257454
-0.712526,4.097716,-1.273774
-0.741343,4.078012,-1.288503
-0.767847,4.078824,-1.306294
-0.758634,4.069490,-1.326408
-0.773686,4.056010,-1.345474
-0.762444,4.056082,-1.362857
-0.768299,4.053053,-1.381038
-0.772475,4.058688,-1.397719
-0.769129,4.048099,-1.418627
-0.751414,4.024302,-1.440065
-0.742559,4.016040,-1.457779
-0.733659,4.010626,-1.476214
-0.729755,4.000625,-1.492162
-0.719875,3.999058,-1.510948
-0.734354,3.986526,-1.529725
-0.745956,3.972373,-1.546989
-0.747532,3.971182,-1.564551
-0.753046,3.978801,-1.581471
-0.738873,3.986626,-1.598691
-0.722261,3.958004,-1.617161
-0.725675,3.935981,-1.634403
-0.739592,3.924863,-1.652039
-0.728079,3.927634,-1.667825
-0.707894,3.920435,-1.667250
-0.724389,3.824830,-1.667616
-0.732743,3.733933,-1.667577
-0.750603,3.625500,-1.671485
-0.762318,3.543154,-1.668967
-0.769111,3.428547,-1.668392
-0.760261,3.319379,-1.667249
-0.789755,3.214762,-1.667826
-0.795406,3.114909,-1.671371
-0.837948,3.008518,-1.670449
-0.846466,2.921245,-1.668067
-0.873228,2.808004,-1.668983
-0.874917,2.689016,-1.668174
-0.880926,2.578704,-1.668947
-0.906629,2.463748,-1.668820
-0.912378,2.369697,-1.667827
-0.930537,2.278934,-1.667816
-0.949468,2.202978,-1.670222
-0.944334,2.122423,-1.668582
-0.976501,2.015814,-1.668288
-0.997097,1.933328,-1.667079
-0.987703,1.839718,-1.665859
-1.001907,1.725414,-1.664207
-1.027501,1.613881,-1.665020
-1.013228,1.518853,-1.664536
-1.041304,1.422994,-1.667242
-1.054184,1.313030,-1.668284
-1.062426,1.207554,-1.670863
-1.079781,1.086993,-1.675066
-1.092936,0.980532,-1.675745
-1.091609,0.888586,-1.675982
-1.117576,0.793379,-1.679858
-1.123280,0.693063,-1.677692
-1.121410,0.597446,-1.677964
-1.155958,0.493007,-1.678501
-1.158962,0.414905,-1.677100
-1.163093,0.292443,-1.675312
-1.198215,0.186633,-1.673597
-1.204453,0.078994,-1.671500
-1.213490,-0.028131,-1.672707
-1.229216,-0.114506,-1.670517
-1.263663,-0.217655,-1.672015
-1.279733,-0.344507,-1.671660
-1.287923,-0.465599,-1.670003
-1.285244,-0.566309,-1.670964
-1.307949,-0.658765,-1.669369
-1.314182,-0.753223,-1.669999
-1.317103,-0.871506,-1.670266
-1.328763,-0.984195,-1.672681
-1.354625,-1.088624,-1.675230
-1.357888,-1.178822,-1.677194
-1.372324,-1.282186,-1.676637
-1.374979,-1.385539,-1.676884
-1.391287,-1.509703,-1.674987
-1.382941,-1.595068,-1.674245
-1.405167,-1.686983,-1.674592
-1.424634,-1.788965,-1.677134
-1.427646,-1.890091,-1.681171
-1.420430,-1.984144,-1.680485
-1.421907,-2.111748,-1.679258
-1.454687,-2.201078,-1.682329
-1.470862,-2.294703,-1.682788
-1.491446,-2.386062,-1.684012
-1.485724,-2.463487,-1.682910
-1.502896,-2.579628,-1.682285
-1.519762,-2.696280,-1.679351
-1.513062,-2.802053,-1.680860
-1.537444,-2.909265,-1.681990
-1.528703,-3.022047,-1.683764
-1.558066,-3.112160,-1.682260
-1.549120,-3.211845,-1.681829
-1.589814,-3.321287,-1.683508
-1.617279,-3.396753,-1.681454
-1.648570,-3.495520,-1.681937
-1.665800,-3.601696,-1.680969
-1.675650,-3.692363,-1.681147
-1.681093,-3.752978,-1.680388
-1.694536,-3.842787,-1.678949
-1.706402,-3.934524,-1.680759
-1.717168,-4.034216,-1.679357
-1.747646,-4.110588,-1.679303
-1.749440,-4.139456,-1.659266
-1.741378,-4.131454,-1.641515
-1.739252,-4.138135,-1.620346
-1.726410,-4.138646,-1.602931
-1.725101,-4.157329,-1.582904
-1.731065,-4.145316,-1.563342
-1.724094,-4.140939,-1.545987
-1.727222,-4.146257,-1.529815
-1.711220,-4.125241,-1.512258
-1.725737,-4.144535,-1.494494
-1.729137,-4.170463,-1.474681
-1.706833,-4.165987,-1.458402
-1.702291,-4.175915,-1.442880
-1.708884,-4.166823,-1.425730
-1.694347,-4.195358,-1.408862
-1.696806,-4.197629,-1.391136
-1.683102,-4.229056,-1.374802
-1.671032,-4.225848,-1.358316
-1.660062,-4.234763,-1.340106
-1.661931,-4.237677,-1.321742
-1.649459,-4.245194,-1.302737
-1.648364,-4.274444,-1.284598
-1.642308,-4.273811,-1.268449
-1.644736,-4.280600,-1.250112
-1.643734,-4.294097,-1.233088
-1.646561,-4.308664,-1.213691
-1.636091,-4.286347,-1.197125
-1.612935,-4.290620,-1.178760
-1.623799,-4.306561,-1.157414
-1.628151,-4.311535,-1.138663
-1.627347,-4.322853,-1.121556
-1.637173,-4.351286,-1.103901
-1.626473,-4.363163,-1.086238
-1.602275,-4.356652,-1.064728
-1.615805,-4.368632,-1.049413
-1.621526,-4.368770,-1.030513
-1.605254,-4.367175,-1.011458
-1.595181,-4.399566,-0.993263
-1.566253,-4.421629,-0.973210
-1.544642,-4.450809,-0.954427
-1.547768,-4.462481,-0.938671
-1.531506,-4.440793,-0.922178
-1.535542,-4.440915,-0.904450
-1.537611,-4.424591,-0.884772
-1.533440,-4.411914,-0.866038
-1.536174,-4.437365,-0.849089
-1.539452,-4.438810,-0.831447
-1.524819,-4.445930,-0.811906
-1.513881,-4.432849,-0.798985
-1.528306,-4.436169,-0.785850
-1.521179,-4.448033,-0.773250
-1.499889,-4.434088,-0.756302
-1.490593,-4.439400,-0.737632
-1.462289,-4.452851,-0.720489
-1.429445,-4.438757,-0.703135
-1.420948,-4.459874,-0.680884
-1.416835,-4.456943,-0.664629
-1.392117,-4.463091,-0.648076
-1.385250,-4.455512,-0.633316
-1.387991,-4.457689,-0.615244
-1.388272,-4.445720,-0.597270
-1.400641,-4.447731,-0.579098
-1.368642,-4.453517,-0.559017
-1.375258,-4.460040,-0.541925
-1.370086,-4.444899,-0.522413
-1.373646,-4.461164,-0.504013
-1.367556,-4.463764,-0.487847
-1.348715,-4.459780,-0.472286
-1.336794,-4.450897,-0.455350
-1.323227,-4.489078,-0.439951
-1.312404,-4.492418,-0.421677
-1.302427,-4.484201,-0.402447
-1.316837,-4.505666,-0.382402
-1.323216,-4.513653,-0.364654
-1.324153,-4.510802,-0.350713
-1.331766,-4.521479,-0.332277
-1.318892,-4.516920,-0.314865
-1.321491,-4.504735,-0.297814
-1.292748,-4.522382,-0.284304
-1.280807,-4.524155,-0.269027
-1.268392,-4.515524,-0.252940
-1.267340,-4.506394,-0.236858
-1.279390,-4.505557,-0.219964
-1.272605,-4.490200,-0.198593
-1.231076,-4.505691,-0.180955
-1.229202,-4.481206,-0.165511
-1.217607,-4.482971,-0.145109
-1.193232,-4.475062,-0.128809
-1.173918,-4.459954,-0.109871
-1.152129,-4.461892,-0.095194
-1.148086,-4.476472,-0.079098
-1.142926,-4.502474,-0.060876
-1.147486,-4.509691,-0.044754
-1.127418,-4.513961,-0.027582
-1.112038,-4.536112,-0.008129
-1.104248,-4.525252,0.013176
-1.083217,-4.541304,0.031851
-1.077723,-4.543393,0.051300
-1.058675,-4.535490,0.069186
-1.035344,-4.531405,0.089130
-1.039116,-4.543112,0.101442
-1.021352,-4.515680,0.119345
-1.035837,-4.520255,0.139534
-1.032117,-4.516841,0.158953
-1.007953,-4.473564,0.178311
-0.997762,-4.461753,0.194946
-0.997236,-4.461437,0.212747
-1.002059,-4.465504,0.233139
-0.998109,-4.455124,0.248338
-0.980797,-4.446926,0.267077
-0.968699,-4.452606,0.280244
-0.951133,-4.435981,0.296758
-0.941886,-4.438111,0.312854
-0.924053,-4.432540,0.331801
-0.910043,-4.438379,0.348205
-0.900445,-4.414024,0.364292
-0.899633,-4.408156,0.383111
-0.884138,-4.422755,0.400704
-0.877315,-4.432224,0.415246
-0.871861,-4.436800,0.432902
-0.850485,-4.434099,0.450661
-0.839798,-4.451089,0.464954
-0.817285,-4.458306,0.482869
-0.803425,-4.449304,0.499715
-0.807587,-4.445752,0.517534
-0.805306,-4.436923,0.533302
-0.783237,-4.411475,0.550962
-0.759099,-4.414725,0.568168
-0.761342,-4.421431,0.585967
-0.769501,-4.435404,0.605625
-0.780033,-4.431355,0.621964
-0.754671,-4.423568,0.641867
-0.760225,-4.425928,0.657180
-0.757339,-4.444761,0.674218
-0.767818,-4.434835,0.691481
-0.737089,-4.426323,0.710883
-0.717379,-4.438449,0.730135
-0.727438,-4.427759,0.748249
-0.726440,-4.410543,0.767754
-0.726974,-4.403137,0.782410
-0.704407,-4.421717,0.798765
-0.718289,-4.410287,0.814294
-0.700306,-4.391520,0.829047
-0.683919,-4.390833,0.850587
-0.673888,-4.400878,0.867591
-0.665760,-4.367247,0.888598
-0.655443,-4.362718,0.906515
-0.624477,-4.349717,0.924739
-0.626604,-4.341770,0.945770
-0.617175,-4.344541,0.963195
-0.609229,-4.328495,0.980957
-0.618976,-4.343447,1.001756
-0.623225,-4.320033,1.019518
-0.627092,-4.328352,1.038796
-0.603836,-4.302986,1.057944
-0.609457,-4.291828,1.077513
-0.602234,-4.303001,1.093809
-0.610957,-4.280749,1.108800
-0.600467,-4.257782,1.123897
-0.597123,-4.235163,1.143356
-0.595783,-4.212237,1.160722
-0.592554,-4.209231,1.177170
-0.589521,-4.188773,1.191021
-0.569153,-4.168089,1.205000
-0.588387,-4.142992,1.224401
-0.586536,-4.139121,1.242374
-0.569035,-4.130578,1.258481
-0.555518,-4.131683,1.275029
-0.539858,-4.115588,1.289880
-0.521509,-4.130265,1.307411
-0.493551,-4.129530,1.326874
-0.483379,-4.125655,1.344015
-0.489718,-4.129038,1.360224
-0.467951,-4.111712,1.378053
-0.451351,-4.132168,1.395090
-0.458891,-4.127588,1.409437
-0.465393,-4.123638,1.426941
-0.466684,-4.116417,1.444488
-0.459853,-4.117653,1.462955
-0.463136,-4.117483,1.480499
-0.467257,-4.104888,1.482945
-0.423434,-4.010928,1.483802
-0.417608,-3.916891,1.484002
-0.426095,-3.843296,1.486190
-0.443271,-3.730900,1.483808
-0.448376,-3.632128,1.482392
-0.435825,-3.527094,1.481329
-0.425060,-3.432397,1.482383
-0.424569,-3.344929,1.486987
-0.424179,-3.246935,1.488240
-0.420497,-3.133883,1.485789
-0.428623,-3.031771,1.487304
-0.413627,-2.951736,1.487477
-0.387367,-2.832642,1.487036
-0.377228,-2.729861,1.485769
-0.359028,-2.649691,1.483878
-0.347272,-2.539415,1.479183
-0.310574,-2.436887,1.478958
-0.310534,-2.322306,1.477701
-0.281897,-2.224790,1.477663
-0.268402,-2.120270,1.476820
-0.290481,-1.996753,1.478554
-0.281291,-1.915575,1.476923
-0.269502,-1.796417,1.477379
-0.278166,-1.706488,1.475924
-0.255284,-1.632483,1.475658
-0.260031,-1.538535,1.476449
-0.251758,-1.450592,1.474819
-0.234977,-1.347723,1.475805
-0.233604,-1.266832,1.474328
-0.188640,-1.166135,1.473571
-0.137987,-1.060351,1.473263
-0.120975,-0.975963,1.473514
-0.128490,-0.872958,1.471922
-0.129148,-0.801719,1.473566
-0.126022,-0.693227,1.474814
-0.111405,-0.598631,1.473313
-0.081844,-0.479767,1.474299
-0.069135,-0.416644,1.473413
-0.042805,-0.307052,1.472107
-0.046220,-0.205308,1.471440
-0.030881,-0.098650,1.472529
-0.025293,0.008527,1.470848
-0.026244,0.113787,1.473428
-0.034934,0.218947,1.473528
-0.032481,0.322088,1.472264
-0.011204,0.426641,1.470895
0.022720,0.530590,1.469654
0.035892,0.631651,1.470782
0.049131,0.728274,1.469051
0.072878,0.821210,1.471463
0.071122,0.923517,1.474375
0.078490,1.020099,1.478074
0.074014,1.115370,1.477317
0.102344,1.223766,1.479998
0.087591,1.350939,1.480716
0.109065,1.446353,1.483770
0.115376,1.564848,1.482121
0.143752,1.694253,1.480308
0.158675,1.816355,1.479590
0.183758,1.918218,1.479861
0.201146,2.041737,1.477468
0.203138,2.141828,1.476495
0.205150,2.234409,1.478380
0.197160,2.361170,1.479108
0.206416,2.474686,1.482551
0.230181,2.575592,1.477915
0.238477,2.687829,1.474985
0.238173,2.778333,1.474353
0.272316,2.886808,1.476448
0.288578,2.990102,1.476929
0.287769,3.107572,1.475251
0.290911,3.213994,1.473025
0.303417,3.314129,1.472949
0.300785,3.416778,1.471453
0.289488,3.504986,1.473481
0.306406,3.578877,1.472437
0.294247,3.680548,1.473878
0.307545,3.781400,1.472378
0.333974,3.883406,1.468777
0.348291,3.969799,1.469480
0.374635,3.989041,1.453911
0.384135,3.989176,1.432123
0.380038,3.970664,1.415488
0.388577,3.994815,1.398454
0.408339,4.003563,1.381555
0.409801,4.002915,1.362228
0.413161,4.019471,1.343382
0.402388,4.040922,1.328003
0.397701,4.019104,1.311367
0.398813,4.013578,1.296471
0.398609,4.002720,1.277041
0.405259,3.998255,1.261070
0.392585,4.003266,1.237786
0.371767,4.011602,1.221601
0.357226,4.020760,1.202014
0.360957,4.040576,1.183158
0.372625,4.049070,1.165025
0.400127,4.073001,1.147896
0.397933,4.047202,1.132094
0.368386,4.053402,1.114967
0.358013,4.064134,1.096280
0.366890,4.105707,1.080712
0.369474,4.108887,1.064275
0.364116,4.090835,1.046729
0.375047,4.096959,1.032926
0.387815,4.096602,1.017985
0.399524,4.098563,1.001390
0.418240,4.114613,0.983874
0.428126,4.112517,0.967739
0.450675,4.107624,0.950475
0.438681,4.095013,0.936303
0.447071,4.103175,0.922412
0.450247,4.100028,0.905253
0.484405,4.102622,0.888798
0.501581,4.091430,0.869881
0.487186,4.102636,0.852587
0.480614,4.103591,0.833554
0.498992,4.121808,0.814858
0.493981,4.111305,0.798541
0.506159,4.117570,0.782142
0.519465,4.132879,0.762714
0.528352,4.141158,0.743653
0.546452,4.144500,0.725552
0.579286,4.136052,0.711108
0.605710,4.166782,0.691944
0.626868,4.183066,0.673411
0.624243,4.203594,0.653782
0.652404,4.174418,0.637907
0.648367,4.154730,0.622971
0.635362,4.145274,0.606316
0.666643,4.168176,0.587374
0.700014,4.163317,0.569642
0.726161,4.183922,0.552189
0.721200,4.186127,0.532685
0.722852,4.178674,0.516081
0.728600,4.158131,0.496870
0.733779,4.162682,0.481280
0.721229,4.162265,0.466017
0.714625,4.136526,0.449091
0.707482,4.129574,0.432029
0.710003,4.135843,0.414192
0.737809,4.121685,0.396259
0.730755,4.105969,0.380047
0.742580,4.109139,0.363653
0.732804,4.131430,0.344913
0.740256,4.104783,0.325042
0.755891,4.102534,0.305265
0.762726,4.103384,0.286296
0.772404,4.108766,0.269479
0.767806,4.139817,0.251504
0.762360,4.118355,0.236309
0.779168,4.112689,0.219458
0.800039,4.123220,0.197272
0.805167,4.119113,0.181023
0.817065,4.147384,0.165312
0.824181,4.130206,0.150368
0.818880,4.150528,0.134592
0.840196,4.141917,0.119165
0.829971,4.138402,0.098526
0.832526,4.113301,0.081675
0.863041,4.121694,0.063169
0.858674,4.129970,0.047272
0.861508,4.162538,0.028808
0.843513,4.170267,0.010490
0.864979,4.154845,-0.004211
0.877196,4.161649,-0.023603
0.892716,4.182866,-0.041573
0.898985,4.199767,-0.059569
0.923657,4.175558,-0.075270
0.923133,4.178293,-0.090392
0.915699,4.162957,-0.114440
0.923446,4.168118,-0.132791
0.948598,4.156135,-0.145832
0.949162,4.167718,-0.158316
0.943669,4.167940,-0.175449
0.938788,4.144415,-0.192678
0.950954,4.142677,-0.209160
0.973175,4.147423,-0.226489
0.976123,4.120117,-0.243887
0.985246,4.130985,-0.261001
0.998690,4.145843,-0.279846
1.008368,4.113367,-0.298855
1.001430,4.119856,-0.315266
1.003694,4.127137,-0.332419
1.014314,4.129125,-0.352381
1.012109,4.140384,-0.369956
1.021041,4.148573,-0.387995
1.027796,4.126172,-0.405192
1.013895,4.138712,-0.423882
1.036443,4.140169,-0.441959
1.041580,4.150346,-0.458556
1.029728,4.125287,-0.475044
1.050205,4.121380,-0.488613
1.058220,4.138362,-0.504888
1.076430,4.120389,-0.521157
1.094649,4.111457,-0.541623
1.108983,4.093376,-0.560713
1.114441,4.089399,-0.578885
1.135517,4.054211,-0.594783
1.120410,4.059634,-0.613423
1.104475,4.044260,-0.628229
1.108360,4.052447,-0.645003
1.121007,4.041780,-0.661800
1.124710,4.023500,-0.674936
1.124784,4.041627,-0.693500
1.095781,4.018943,-0.711099
1.111176,4.031656,-0.727579
1.122376,4.012705,-0.743602
1.109728,3.994962,-0.759351
1.099751,4.011884,-0.780409
1.113789,4.012119,-0.795738
1.137549,4.016194,-0.809552
1.135676,3.994815,-0.827481
1.154249,3.992979,-0.845555
1.152911,3.973246,-0.864696
1.138279,3.966484,-0.884104
1.115409,3.918470,-0.897980
1.126039,3.892909,-0.916725
1.146171,3.911731,-0.932908
1.163248,3.920853,-0.950788
1.178664,3.890554,-0.972893
1.193179,3.878395,-0.986965
1.227474,3.847511,-1.003623
1.227481,3.840257,-1.022098
1.222774,3.851136,-1.038980
1.221982,3.817049,-1.058447
1.209867,3.797783,-1.076634
1.193883,3.798050,-1.094748
1.205940,3.801919,-1.112604
1.192429,3.811619,-1.131458
1.196919,3.803545,-1.146805
1.191493,3.795867,-1.167082
1.208132,3.762922,-1.185729
1.211271,3.778467,-1.202359
1.205180,3.771701,-1.219152
1.214258,3.766619,-1.237573
1.228774,3.758367,-1.256992
1.251804,3.722497,-1.274904
1.248038,3.708127,-1.291466
1.231541,3.717422,-1.309551
1.221886,3.700090,-1.327756
1.227862,3.687146,-1.347556
1.218027,3.683375,-1.365646
1.219208,3.668839,-1.379125
1.219536,3.659928,-1.395498
1.226105,3.668065,-1.415101
1.241768,3.637917,-1.434449
1.248759,3.617198,-1.448878
1.242605,3.602325,-1.469274
1.231478,3.556842,-1.484568
1.220173,3.569489,-1.503180
1.246138,3.573735,-1.520721
1.239300,3.582015,-1.539621
1.265473,3.583843,-1.555330
1.277620,3.574311,-1.570738
1.307462,3.561606,-1.587393
1.333053,3.555650,-1.605069
1.324392,3.554861,-1.620311
1.297552,3.583894,-1.638049
1.305018,3.586589,-1.655704
1.298757,3.605394,-1.655797
1.282930,3.506604,-1.654808
1.272512,3.419113,-1.656408
1.268919,3.311150,-1.658190
1.267266,3.209150,-1.655851
1.248398,3.125994,-1.657115
1.255956,2.993914,-1.655913
1.260933,2.894039,-1.655054
1.249463,2.794833,-1.654122
1.245463,2.716462,-1.655268
1.235251,2.613480,-1.656934
1.216464,2.496058,-1.657734
1.223159,2.381223,-1.657268
1.206129,2.288029,-1.656451
1.175653,2.184541,-1.654002
1.170193,2.098697,-1.653286
1.165193,2.020257,-1.651133
1.164787,1.899895,-1.651903
1.113332,1.804227,-1.652522
1.107697,1.678554,-1.650068
1.084151,1.604741,-1.649529
1.086707,1.500160,-1.646997
1.050710,1.380518,-1.648919
1.077370,1.303248,-1.648228
1.043845,1.200330,-1.646693
1.025651,1.102590,-1.643793
0.999272,1.014085,-1.645034
0.996904,0.913591,-1.643911
1.005662,0.809169,-1.646050
0.978786,0.706222,-1.643955
0.973442,0.604980,-1.644845
0.976444,0.515454,-1.644196
0.950606,0.420196,-1.644790
0.957085,0.315535,-1.644438
0.942751,0.201947,-1.646377
0.931939,0.090903,-1.643197
0.938584,0.003949,-1.641179
0.913142,-0.097102,-1.640330
0.867256,-0.196635,-1.639039
0.875773,-0.310922,-1.641755
0.851792,-0.427091,-1.641207
0.839074,-0.522907,-1.642104
0.825066,-0.613292,-1.639005
0.841909,-0.704367,-1.637323
0.837009,-0.791604,-1.636911
0.810365,-0.907177,-1.635566
0.821827,-1.016230,-1.636582
0.799821,-1.113661,-1.634988
0.786482,-1.248366,-1.634121
0.769342,-1.341772,-1.635270
0.758891,-1.441165,-1.634135
0.742439,-1.532005,-1.631278
0.756464,-1.637351,-1.630479
0.743669,-1.740725,-1.631650
0.773722,-1.837131,-1.630200
0.769234,-1.910475,-1.633606
0.773027,-1.994072,-1.637346
0.761135,-2.093763,-1.635138
0.754272,-2.178890,-1.637502
0.754968,-2.260084,-1.638353
0.757805,-2.371633,-1.638798
0.756283,-2.460323,-1.641329
0.748748,-2.572978,-1.641079
0.746512,-2.691462,-1.639090
0.734539,-2.798276,-1.636797
0.748645,-2.917077,-1.636056
0.742278,-3.002393,-1.636165
0.723573,-3.114731,-1.636367
0.722798,-3.206977,-1.633694
0.701581,-3.317925,-1.632157
0.684156,-3.448089,-1.633023
0.667783,-3.533961,-1.636819
0.633688,-3.635183,-1.637659
0.629484,-3.731683,-1.637095
0.623927,-3.820584,-1.636919
0.613358,-3.904929,-1.635586
0.604107,-4.020259,-1.638451
0.619247,-4.131347,-1.640578
0.613786,-4.240525,-1.641839
0.614462,-4.364611,-1.642864
0.608370,-4.478401,-1.642864
0.600818,-4.467646,-1.624766
0.602092,-4.481259,-1.608001
0.593610,-4.524981,-1.589614
0.591184,-4.512766,-1.574081
0.603614,-4.523628,-1.560126
0.591603,-4.521618,-1.538554
0.570760,-4.531167,-1.519236
0.568516,-4.541930,-1.502511
0.586713,-4.539384,-1.484307
0.600856,-4.527789,-1.463615
0.598533,-4.545722,-1.445410
0.608434,-4.570369,-1.429460
0.630843,-4.594582,-1.409370
0.621832,-4.603342,-1.386870
0.612857,-4.621405,-1.368076
0.612203,-4.637569,-1.352046
0.605255,-4.642087,-1.332289
0.601884,-4.649785,-1.314966
0.611589,-4.667601,-1.297235
0.619149,-4.687419,-1.281941
0.636719,-4.692826,-1.266579
0.626158,-4.702474,-1.249061
0.641152,-4.706441,-1.231038
0.634735,-4.704713,-1.214772
0.624388,-4.736590,-1.196225
0.632949,-4.747694,-1.178054
0.646305,-4.778950,-1.161367
0.675891,-4.815092,-1.144907
0.667081,-4.819801,-1.124998
0.671880,-4.835142,-1.109386
0.668863,-4.843569,-1.095668
0.674583,-4.833745,-1.078131
0.664836,-4.832931,-1.061161
0.665647,-4.818874,-1.042833
0.663455,-4.817613,-1.026697
0.650462,-4.818954,-1.008952
0.663999,-4.821839,-0.989872
0.675774,-4.812512,-0.975066
0.653837,-4.824368,-0.960745
0.641718,-4.800052,-0.947425
0.622775,-4.823135,-0.934191
0.603836,-4.836012,-0.915937
0.608387,-4.841054,-0.897563
0.630955,-4.842447,-0.880599
0.631445,-4.845332,-0.865083
0.637660,-4.849917,-0.847996
0.652039,-4.878043,-0.829324
0.640521,-4.875803,-0.811770
0.656850,-4.876464,-0.792482
0.649592,-4.899391,-0.776259
0.611864,-4.905712,-0.754159
0.620325,-4.887415,-0.737568
0.601512,-4.882692,-0.721139
0.622722,-4.881703,-0.703684
0.646479,-4.888716,-0.688307
0.662862,-4.886977,-0.671637
0.678442,-4.867502,-0.655749
0.685388,-4.863564,-0.639941
0.689544,-4.867877,-0.620917
0.707272,-4.881747,-0.601383
0.715740,-4.866673,-0.585492
0.716933,-4.863259,-0.569664
0.724460,-4.856984,-0.553382
0.721071,-4.862254,-0.533935
0.701108,-4.865511,-0.517895
0.714135,-4.886683,-0.500799
0.723018,-4.892146,-0.485116
0.719610,-4.909582,-0.470091
0.717062,-4.893939,-0.453366
0.748149,-4.914979,-0.438001
0.733338,-4.928043,-0.420519
0.753606,-4.919213,-0.399756
0.759827,-4.935874,-0.381337
0.766363,-4.958895,-0.364370
0.766953,-4.962623,-0.344190
0.752146,-4.970620,-0.327189
0.769671,-4.990810,-0.308617
0.768402,-4.983720,-0.290589
0.779925,-4.958327,-0.270713
0.783862,-4.982683,-0.251279
0.817011,-4.992744,-0.233343
0.823538,-4.982276,-0.214497
0.819078,-4.999139,-0.198524
0.823318,-5.014705,-0.183097
0.860301,-5.029991,-0.162232
0.879168,-5.038301,-0.142909
0.874913,-5.037077,-0.123128
0.865560,-5.026940,-0.105199
0.866104,-5.020624,-0.087033
0.856542,-5.035579,-0.069439
0.846267,-5.020184,-0.050971
0.852466,-5.019617,-0.033470
0.871597,-5.006071,-0.015574
0.882232,-5.017799,0.003510
0.898639,-5.031652,0.023390
0.932954,-5.015474,0.043427
0.961931,-5.018407,0.056458
0.959627,-5.009282,0.073248
0.973072,-4.995820,0.087616
0.956284,-4.989102,0.105448
0.988901,-4.997548,0.124432
0.998304,-4.983409,0.142050
1.021408,-4.963674,0.162196
1.021603,-4.989927,0.180560
1.008948,-4.964291,0.196721
1.026032,-4.983457,0.210984
1.040166,-4.988921,0.228443
1.021750,-4.982950,0.248329
1.023129,-4.983657,0.263553
1.011003,-4.994174,0.282342
1.013818,-4.982670,0.302679
1.026793,-4.953221,0.319901
1.046523,-4.948594,0.336083
1.026416,-4.992079,0.352970
1.021745,-5.001859,0.368991
1.033228,-5.019806,0.387630
1.037269,-5.028977,0.404139
1.013814,-5.034072,0.420474
1.021944,-5.029828,0.439930
1.015892,-4.996151,0.456360
1.014162,-5.021368,0.475774
1.042768,-5.016136,0.493378
1.058710,-5.014287,0.512536
1.062528,-4.982615,0.527483
1.062953,-4.979333,0.548270
1.061116,-4.973033,0.563232
1.092371,-4.957490,0.581637
1.090565,-4.955098,0.599375
1.108880,-4.954929,0.617378
1.109717,-4.963986,0.635669
1.119974,-4.956405,0.655345
1.105591,-4.976044,0.672747
1.125362,-4.969676,0.693831
1.137852,-4.964465,0.711315
1.166017,-4.943598,0.729841
1.160669,-4.964234,0.747951
1.147910,-4.966186,0.766179
1.153784,-4.965719,0.783436
1.165833,-4.943800,0.803844
1.172574,-4.934870,0.818875
1.184634,-4.937433,0.834241
1.177964,-4.927101,0.848630
1.179158,-4.903612,0.867819
1.185380,-4.926243,0.886777
1.192921,-4.912652,0.905480
1.213941,-4.914078,0.925096
1.233081,-4.920350,0.937052
1.225958,-4.923959,0.954411
1.238029,-4.923937,0.970889
1.229310,-4.956667,0.990937
1.243465,-4.948401,1.009320
1.268025,-4.963515,1.026942
1.286673,-4.966638,1.044768
1.297296,-4.942211,1.060992
1.296840,-4.942634,1.080363
1.301968,-4.927312,1.098586
1.300385,-4.925274,1.118286
1.281041,-4.928888,1.136462
1.300388,-4.883509,1.153994
1.298332,-4.874817,1.169653
1.312336,-4.880129,1.189315
1.303840,-4.901479,1.205324
1.289828,-4.874444,1.225445
1.286671,-4.859451,1.242430
1.280393,-4.880154,1.260424
1.315847,-4.862928,1.274831
1.306684,-4.864927,1.291066
1.308511,-4.861009,1.306239
1.300294,-4.828123,1.319686
1.305764,-4.814742,1.337182
1.330280,-4.820662,1.353732
1.316592,-4.801064,1.369688
1.311196,-4.801311,1.384992
1.312480,-4.775644,1.403248
1.306573,-4.754387,1.419384
1.305933,-4.738401,1.440832
1.296438,-4.708077,1.457170
1.310422,-4.681479,1.471823
1.288847,-4.668050,1.488952
1.280602,-4.663892,1.506084
1.304237,-4.640587,1.506867
1.298709,-4.551346,1.507492
1.286263,-4.442562,1.511368
1.254799,-4.364015,1.513131
1.262770,-4.256124,1.513041
1.286136,-4.146402,1.513769
1.312892,-4.059679,1.515345
1.302894,-3.933729,1.515102
1.299672,-3.816551,1.515721
1.328411,-3.734933,1.517365
1.323818,-3.635576,1.516939
1.315523,-3.536153,1.519069
1.308538,-3.442491,1.519062
1.304720,-3.348968,1.518807
1.321861,-3.257483,1.521574
1.333727,-3.171398,1.520161
1.311393,-3.051028,1.519600
1.328990,-2.967680,1.520221
1.326358,-2.874327,1.520632
1.313664,-2.755072,1.520346
1.309468,-2.649773,1.519537
1.289267,-2.556480,1.516460
1.306336,-2.464416,1.517379
1.313422,-2.374200,1.519271
1.313129,-2.248711,1.516385
1.321048,-2.136640,1.516896
1.320212,-2.048328,1.518026
1.328827,-1.947046,1.515142
1.335932,-1.839000,1.513764
1.337810,-1.733790,1.513880
1.331834,-1.617777,1.511832
1.348978,-1.532340,1.509421
1.360094,-1.436828,1.508929
1.379991,-1.332307,1.508412
1.407106,-1.240555,1.509662
1.404230,-1.152235,1.507559
1.426222,-1.050727,1.505680
1.429242,-0.940517,1.505031
1.442594,-0.822312,1.505901
1.462057,-0.715046,1.506246
1.464389,-0.594745,1.505060
1.479502,-0.504426,1.505147
1.466831,-0.409634,1.507299
1.473123,-0.320531,1.507940
1.477733,-0.215262,1.508941
1.494292,-0.138948,1.507885
1.474725,-0.049495,1.509763
1.475413,0.059376,1.508992
1.462924,0.161264,1.512567
1.462497,0.268792,1.513187
1.444470,0.367133,1.513687
1.419389,0.464762,1.513178
1.416193,0.597625,1.511485
1.434302,0.710566,1.510310
1.441599,0.789655,1.510192
1.450880,0.895719,1.510618
1.476514,0.986084,1.509008
1.463850,1.102121,1.509532
1.481442,1.230315,1.508733
1.486535,1.330312,1.507399
1.483831,1.430857,1.508142
1.488865,1.534042,1.506956
1.491369,1.637379,1.506909
1.498359,1.706020,1.506309
1.507357,1.786454,1.507927
1.536880,1.861092,1.509880
1.539554,1.964080,1.509386
1.542392,2.061540,1.509046
1.571552,2.146736,1.511502
1.564045,2.251414,1.513120
1.544650,2.361365,1.511672
1.525667,2.464685,1.512349
1.513687,2.584371,1.516004
1.528317,2.663914,1.517172
1.530730,2.757979,1.514904
1.529442,2.848928,1.515691
1.549088,2.945927,1.516096
1.547471,3.062574,1.515262
1.556795,3.158862,1.513526
1.547719,3.239672,1.514994
1.535723,3.296746,1.515564
1.485411,3.304078,1.497637
1.492901,3.310043,1.481402
1.497187,3.339626,1.461626
1.488107,3.347622,1.443631
1.499204,3.356942,1.426758
1.497850,3.347921,1.408002
1.468274,3.347081,1.387679
1.472824,3.390723,1.366539
1.481004,3.436213,1.350405
1.478964,3.458809,1.332968
1.484515,3.464351,1.316623
1.471650,3.468784,1.297685
1.467144,3.482211,1.280913
1.459036,3.489538,1.261653
1.479024,3.484649,1.245884
1.486144,3.483657,1.228400
1.456998,3.493739,1.208810
1.440883,3.505581,1.192969
1.453621,3.517629,1.176666
1.467175,3.551137,1.155924
1.460730,3.560119,1.137689
1.495267,3.553546,1.120479
1.496877,3.582212,1.101140
1.482106,3.590345,1.083913
1.496843,3.593573,1.066753
1.494968,3.597694,1.046367
1.502438,3.617157,1.028730
1.493710,3.625273,1.007285
1.504026,3.644478,0.986233
1.503913,3.661301,0.972930
1.522360,3.678973,0.956249
1.515729,3.686189,0.939292
1.504675,3.712990,0.925364
1.495801,3.728758,0.908791
1.499196,3.767904,0.893257
1.504314,3.769836,0.874688
1.503660,3.772897,0.861201
1.489142,3.779457,0.846255
1.472375,3.789093,0.828759
1.452989,3.781571,0.811621
1.447424,3.794969,0.797933
1.469348,3.800559,0.778592
1.497154,3.788198,0.762318
1.503568,3.803401,0.743776
1.520621,3.814815,0.724320
1.507577,3.838018,0.705555
1.493727,3.842340,0.689435
1.513041,3.844442,0.674588
1.526227,3.863656,0.659709
1.532509,3.880820,0.642867
1.553179,3.900912,0.626333
1.555759,3.892790,0.606877
1.546277,3.899770,0.589458
1.530113,3.907280,0.574657
1.539883,3.928289,0.556174
1.562831,3.900795,0.535316
1.573179,3.906269,0.520877
1.569899,3.922214,0.500927
1.592557,3.935847,0.483165
1.602045,3.948966,0.464790
1.604604,3.939661,0.450864
1.616042,3.929439,0.432582
1.635287,3.920581,0.411929
1.643456,3.908937,0.393584
1.629322,3.899662,0.377086
1.631152,3.910799,0.358026
1.649936,3.913637,0.340679
1.675216,3.912987,0.325521
1.691889,3.927129,0.307393
1.679224,3.950031,0.287783
1.671626,3.967790,0.271650
1.688445,3.963269,0.252693
1.697085,3.977194,0.235638
1.665973,3.964764,0.222110
1.687025,3.964175,0.203857
1.674531,3.970780,0.187321
1.638036,3.977014,0.169453
1.651963,3.994624,0.152779
1.665910,3.990639,0.136579
1.670120,4.007124,0.122042
1.671336,4.011896,0.107965
1.686866,4.001242,0.092277
1.674723,4.012137,0.074908
1.659103,4.016602,0.057920
1.662880,4.021770,0.039927
1.661737,4.030057,0.022452
1.686458,4.038923,0.006036
1.703612,4.036812,-0.008242
1.727426,4.040110,-0.028615
1.750697,4.033060,-0.044869
1.768637,4.034265,-0.060724
1.776489,4.046412,-0.077505
1.772399,4.032876,-0.096614
1.776925,4.051850,-0.114334
1.792381,4.041185,-0.135069
1.790690,4.054228,-0.156124
1.793374,4.043960,-0.173628
1.786046,4.018279,-0.192231
1.815624,4.037588,-0.211193
1.834218,4.037635,-0.229569
1.829233,4.043211,-0.245452
1.835400,4.039317,-0.264401
1.837436,4.038143,-0.281860
1.846058,4.058535,-0.301996
1.841240,4.063789,-0.319160
1.832576,4.070385,-0.338582
1.806304,4.070120,-0.357121
1.831357,4.056344,-0.372877
1.827883,4.071498,-0.393278
1.835598,4.030585,-0.412991
1.846100,4.038761,-0.430510
1.831353,4.041612,-0.449934
1.819091,4.036291,-0.467054
1.853345,4.012483,-0.483987
1.857437,3.987462,-0.501704
1.862694,3.997864,-0.518553
1.868207,3.988911,-0.539038
1.888123,3.978917,-0.556148
1.876770,3.964602,-0.573627
1.858091,3.962917,-0.590280
1.876635,3.972409,-0.604515
1.908752,3.973489,-0.620463
1.918767,3.957393,-0.637914
1.911115,3.946964,-0.657686
1.907783,3.933012,-0.678689
1.912912,3.922967,-0.699192
1.933678,3.892797,-0.716638
1.929130,3.905028,-0.732367
1.938672,3.903272,-0.749548
1.942350,3.896799,-0.769623
1.956927,3.875625,-0.789269
1.986283,3.869444,-0.803415
1.995135,3.866474,-0.821030
1.981031,3.880521,-0.836686
1.972644,3.870002,-0.852967
1.984042,3.859827,-0.872554
1.959453,3.857782,-0.888989
1.954452,3.836548,-0.907480
1.953883,3.828210,-0.922274
1.953005,3.858908,-0.940412
1.947973,3.841693,-0.958369
1.954505,3.813886,-0.978644
1.950886,3.839853,-0.996278
1.942926,3.830267,-1.013207
1.938441,3.822159,-1.030971
1.926845,3.842443,-1.047357
1.919355,3.818959,-1.064714
1.938197,3.789872,-1.079985
1.915876,3.781151,-1.094964
1.934842,3.771783,-1.108518
1.958649,3.762438,-1.129470
1.944860,3.762656,-1.148311
1.956031,3.753349,-1.165342
1.979569,3.762389,-1.182987
1.973725,3.742280,-1.199489
1.977559,3.732390,-1.216692
1.969732,3.730980,-1.230327
1.971119,3.712607,-1.246707
1.983466,3.696758,-1.263103
1.998190,3.720039,-1.277591
2.021158,3.693192,-1.296764
2.032268,3.698215,-1.315126
2.037634,3.690120,-1.329682
2.033961,3.677362,-1.344967
2.045171,3.671595,-1.362992
2.042329,3.663190,-1.379215
2.021142,3.660412,-1.396984
2.032053,3.628136,-1.416821
2.037909,3.640871,-1.434301
2.030633,3.629043,-1.449330
2.020332,3.593687,-1.465768
2.029897,3.588159,-1.486129
2.018003,3.592893,-1.503891
2.034500,3.589935,-1.520688
2.036676,3.591460,-1.537498
2.055641,3.571273,-1.556476
2.044491,3.564443,-1.573180
2.045983,3.552984,-1.590561
2.022780,3.546730,-1.607418
2.033053,3.530286,-1.624680
2.031017,3.549939,-1.625688
2.001537,3.459774,-1.623592
1.987179,3.351429,-1.622387
2.008667,3.236421,-1.622827
1.987663,3.161264,-1.621379
1.969786,3.043013,-1.620326
1.997809,2.943689,-1.620309
2.005322,2.834449,-1.619228
2.013451,2.748857,-1.621757
2.014400,2.665894,-1.621018
2.024092,2.565717,-1.621584
2.034326,2.486959,-1.620455
2.013328,2.410926,-1.622476
2.011562,2.315483,-1.624423
1.996611,2.210820,-1.626247
1.990089,2.125825,-1.628466
2.000699,2.018321,-1.627659
1.986908,1.922393,-1.627250
1.971787,1.843437,-1.626987
1.964218,1.719818,-1.625605
1.983116,1.605455,-1.625375
2.010788,1.513975,-1.626030
1.992296,1.433974,-1.626166
1.973112,1.366078,-1.625481
1.975218,1.260320,-1.626151
1.958661,1.154485,-1.629097
1.941744,1.069321,-1.629767
1.933909,0.960319,-1.631227
1.952212,0.871674,-1.631463
1.927337,0.754682,-1.630395
1.917474,0.648036,-1.626051
1.902780,0.540303,-1.626546
1.899372,0.423600,-1.623106
1.912151,0.315684,-1.619854
1.921199,0.227157,-1.618052
1.930961,0.122862,-1.619670
1.926320,0.005600,-1.621457
1.898515,-0.074939,-1.618664
1.874813,-0.179367,-1.617847
1.840930,-0.319087,-1.618730
1.818761,-0.421533,-1.618076
1.819074,-0.523758,-1.615251
1.803073,-0.617602,-1.617275
1.809736,-0.708030,-1.617464
1.792233,-0.810751,-1.617396
1.782664,-0.901481,-1.615923
1.794553,-1.016862,-1.612987
1.795101,-1.149089,-1.615290
1.781075,-1.252270,-1.614001
1.776025,-1.348885,-1.615612
1.741897,-1.437075,-1.616358
1.731654,-1.533893,-1.619181
1.715184,-1.648764,-1.615718
1.717805,-1.750058,-1.613822
1.693522,-1.847570,-1.612444
1.689966,-1.959120,-1.614726
1.690428,-2.068060,-1.614602
1.683770,-2.172845,-1.616954
1.676827,-2.287559,-1.616293
1.695857,-2.402837,-1.614335
1.693605,-2.498121,-1.612192
1.685361,-2.577739,-1.614386
1.694195,-2.694661,-1.614596
1.694281,-2.794116,-1.611650
1.679626,-2.884952,-1.612983
1.681165,-2.970191,-1.612376
1.673120,-3.075316,-1.615838
1.667643,-3.183949,-1.615075
1.703068,-3.284489,-1.614521
1.701816,-3.384856,-1.614716
1.709139,-3.497133,-1.615913
1.703845,-3.611868,-1.615090
1.675959,-3.715653,-1.613598
1.672145,-3.814588,-1.613459
1.663984,-3.933839,-1.613751
1.656101,-4.015512,-1.617085
1.641844,-4.132853,-1.615622
1.622352,-4.230916,-1.617022
1.613071,-4.294820,-1.618924
1.605005,-4.383158,-1.617193
1.614520,-4.478150,-1.617097
1.593934,-4.485147,-1.599713
1.583999,-4.489541,-1.585325
1.558276,-4.522959,-1.565223
1.559621,-4.543819,-1.547975
1.565355,-4.570228,-1.532660
1.571201,-4.574564,-1.516665
1.577255,-4.593011,-1.501092
1.591378,-4.612592,-1.480326
1.605209,-4.607442,-1.458919
1.610161,-4.633398,-1.438866
1.577656,-4.632994,-1.421030
1.575575,-4.622077,-1.404300
1.556460,-4.621081,-1.386726
1.559537,-4.618663,-1.368109
1.553906,-4.620411,-1.352757
1.544065,-4.634658,-1.334890
1.563809,-4.648476,-1.319368
1.552686,-4.642372,-1.304359
1.560478,-4.650789,-1.286818
1.549594,-4.635699,-1.270520
1.562335,-4.630060,-1.255187
1.570132,-4.645293,-1.240402
1.579002,-4.691193,-1.220481
1.565655,-4.720167,-1.206412
1.575016,-4.704790,-1.190532
1.558377,-4.709110,-1.169453
1.542943,-4.717581,-1.152997
1.548367,-4.730450,-1.137846
1.553812,-4.740529,-1.120785
1.548041,-4.741533,-1.104925
1.564946,-4.761636,-1.081855
1.592799,-4.748212,-1.065404
1.604117,-4.740617,-1.045444
1.605294,-4.785417,-1.028071
1.603416,-4.801408,-1.010409
1.608026,-4.794329,-0.991254
1.619478,-4.791117,-0.974355
1.613248,-4.808082,-0.958651
1.626211,-4.821086,-0.939655
1.640416,-4.830223,-0.923822
1.675657,-4.822566,-0.906486
1.708137,-4.815141,-0.890542
1.690440,-4.824387,-0.873431
1.690110,-4.838921,-0.851903
1.690264,-4.836481,-0.833158
1.709659,-4.819769,-0.817036
1.703177,-4.828181,-0.797746
1.698829,-4.833555,-0.781442
1.705184,-4.867867,-0.763749
1.736396,-4.877434,-0.746826
1.740937,-4.889009,-0.732067
1.736944,-4.882241,-0.716241
1.753766,-4.878687,-0.700596
1.765571,-4.882023,-0.682613
1.784048,-4.874540,-0.663633
1.791921,-4.894309,-0.644010
1.809475,-4.888485,-0.624890
1.793715,-4.886641,-0.609565
1.800459,-4.873079,-0.594273
1.821476,-4.862607,-0.575562
1.808409,-4.863734,-0.559540
1.818439,-4.852245,-0.542603
1.807765,-4.847705,-0.526309
1.815542,-4.853350,-0.510509
1.818975,-4.841184,-0.495483
1.848615,-4.854585,-0.478814
1.871809,-4.858512,-0.466160
1.884603,-4.855119,-0.447184
1.902966,-4.846974,-0.428922
1.934324,-4.847105,-0.413157
1.945392,-4.833506,-0.394256
1.954746,-4.842975,-0.375929
1.948168,-4.824529,-0.354583
1.947210,-4.831202,-0.335775
1.961255,-4.863609,-0.321645
1.972430,-4.869116,-0.303735
1.986628,-4.854237,-0.287812
2.023438,-4.869841,-0.266666
2.029619,-4.881737,-0.248575
2.046240,-4.889304,-0.229962
2.053064,-4.887150,-0.213319
2.069039,-4.885796,-0.197310
2.086769,-4.892960,-0.178070
2.092189,-4.904900,-0.161360
2.126220,-4.882279,-0.142869
2.144019,-4.884146,-0.126277
2.166411,-4.877294,-0.107391
2.162969,-4.866498,-0.092466
2.166608,-4.884118,-0.070508
2.183280,-4.858674,-0.055246
2.214969,-4.884670,-0.038618
2.263939,-4.899427,-0.023966
2.262374,-4.903827,-0.006270
2.273187,-4.898981,0.009200
2.303960,-4.896871,0.027545
2.293064,-4.882057,0.046672
2.281019,-4.876685,0.063166
2.306200,-4.897160,0.079702
2.310185,-4.904180,0.094098
2.317523,-4.886213,0.110183
2.342788,-4.889928,0.128757
2.361295,-4.919506,0.146193
2.375571,-4.900634,0.165585
2.389588,-4.902974,0.183836
2.402424,-4.899592,0.199776
2.409260,-4.929615,0.216533
2.429888,-4.951925,0.230337
2.436143,-4.938452,0.244635
2.442614,-4.944364,0.261934
2.452349,-4.943553,0.282579
2.497771,-4.935938,0.298415
2.496880,-4.943198,0.318053
2.501100,-4.924563,0.332731
2.517664,-4.943608,0.351490
2.523859,-4.947689,0.369409
2.533778,-4.933583,0.387284
2.525249,-4.903957,0.400434
2.510310,-4.898121,0.418994
2.517809,-4.909340,0.435208
2.523134,-4.907145,0.455943
2.532493,-4.907195,0.472957
2.555949,-4.901957,0.487865
2.578222,-4.899945,0.505363
2.582606,-4.874580,0.520659
2.589457,-4.896464,0.535424
2.569237,-4.913773,0.553847
2.576456,-4.924104,0.569711
2.568769,-4.891980,0.586777
2.582358,-4.906504,0.602969
2.619962,-4.882656,0.619937
2.636998,-4.885842,0.638236
2.639770,-4.909655,0.653758
2.651469,-4.889760,0.674463
2.640784,-4.891697,0.691646
2.647222,-4.888203,0.707108
2.651606,-4.880293,0.725576
2.673590,-4.875042,0.743081
2.685547,-4.866401,0.759382
2.710125,-4.839594,0.778581
2.693361,-4.818126,0.794326
2.668691,-4.808737,0.811899
2.666065,-4.818226,0.825130
2.668682,-4.827635,0.838551
2.697878,-4.823844,0.855009
2.716586,-4.817595,0.871948
2.731034,-4.774270,0.886709
2.727828,-4.784428,0.906786
2.741967,-4.760891,0.926188
2.761085,-4.745480,0.945852
2.774451,-4.745238,0.957304
2.780064,-4.732993,0.975456
2.794589,-4.708718,0.992998
2.778397,-4.705585,1.011478
2.789517,-4.729834,1.029831
2.806833,-4.720196,1.043279
2.800832,-4.679720,1.059088
2.796131,-4.662015,1.071341
2.790910,-4.635576,1.091188
2.790077,-4.632378,1.107214
2.809075,-4.603846,1.126835
2.815883,-4.571009,1.144356
2.835357,-4.562039,1.161172
2.841302,-4.571712,1.180796
2.838852,-4.544600,1.201216
2.842480,-4.526884,1.218517
2.817138,-4.530906,1.238032
2.831876,-4.526180,1.257652
2.858868,-4.513065,1.277051
2.855198,-4.507839,1.294967
2.863323,-4.491776,1.313274
2.854787,-4.471734,1.330994
2.853065,-4.477804,1.345325
2.871965,-4.449430,1.361514
2.877900,-4.450219,1.376946
2.885653,-4.421542,1.390845
2.884226,-4.390725,1.406013
2.860500,-4.360624,1.424614
2.862980,-4.342070,1.445204
2.865067,-4.337208,1.462639
2.854039,-4.329534,1.479743
