# squared distance, heading (radians)
31.059688,1.571180
30.207016,1.573117
29.508410,1.572655
28.747449,1.573785
28.075438,1.576670
27.344998,1.576400
26.415385,1.578619
25.698907,1.578716
24.870576,1.576976
24.222302,1.576856
23.598160,1.574184
23.053032,1.573240
22.350480,1.573202
21.760987,1.572144
21.290541,1.571738
20.875426,1.571155
20.196700,1.568492
19.709081,1.568501
19.080883,1.569730
18.415075,1.568758
17.879217,1.568674
17.780946,1.567124
17.579341,1.567172
17.192197,1.566496
16.991155,1.565904
16.707055,1.565834
16.502406,1.565895
16.273563,1.566310
16.033543,1.563210
16.059477,1.562433
15.824313,1.560766
15.568188,1.562126
15.499263,1.557705
15.229363,1.560762
15.234078,1.562770
15.088672,1.563635
15.295671,1.566755
15.275788,1.565338
15.294086,1.561839
15.153026,1.559751
15.007729,1.559875
15.002653,1.562159
15.232694,1.562399
15.492160,1.565288
15.393901,1.565345
15.482018,1.566992
15.678565,1.569119
16.103057,1.569875
16.294661,1.569825
16.563545,1.571946
17.076739,1.573576
17.316140,1.571996
17.740865,1.570342
18.046647,1.572098
18.520173,1.568388
18.970110,1.565965
19.137738,1.564239
19.287008,1.565053
20.043277,1.564518
20.435274,1.563273
20.825976,1.560536
21.080694,1.559642
21.236002,1.560762
21.835921,1.561788
22.087361,1.563463
22.709078,1.561666
23.287288,1.562114
23.659226,1.562156
24.198514,1.555996
24.934894,1.551171
25.564230,1.549346
26.084712,1.551741
26.594693,1.549559
27.177709,1.550443
27.764539,1.548617
28.304115,1.550133
28.931994,1.551362
29.589674,1.552181
30.622949,1.551742
31.625355,1.550963
31.764372,1.533940
31.923611,1.513806
32.004998,1.495858
31.817736,1.480446
31.655693,1.463466
31.413576,1.448052
31.577496,1.432702
31.942409,1.415195
31.803661,1.399068
31.770329,1.381859
31.880666,1.367028
32.160927,1.348293
32.316140,1.329239
32.409885,1.311652
32.410349,1.294736
32.587724,1.276482
32.605793,1.261432
32.478339,1.247058
32.648301,1.227239
32.789235,1.209430
32.602075,1.192285
32.299750,1.172783
32.463696,1.153028
32.424538,1.137378
32.670870,1.122853
32.780774,1.106570
32.779131,1.088609
32.658040,1.071707
32.565919,1.057280
32.648799,1.038418
32.547764,1.021690
32.773143,1.002916
33.075363,0.990319
33.157966,0.973002
33.149528,0.953994
33.221579,0.935085
33.138164,0.914422
33.413047,0.897164
33.481589,0.883828
33.467130,0.865936
33.357060,0.848480
33.370113,0.831226
33.282183,0.810991
33.307412,0.793190
33.190770,0.776453
33.211254,0.757336
33.189276,0.741469
33.195626,0.724077
33.183022,0.701821
33.355853,0.682811
33.456627,0.662493
33.426511,0.645545
33.656686,0.625196
33.873717,0.610899
34.014136,0.591205
34.046993,0.572918
34.236586,0.554381
34.220528,0.536307
34.439783,0.515143
34.265533,0.500455
34.424230,0.488829
34.628868,0.469568
34.652626,0.454351
34.438475,0.435160
34.589055,0.417992
34.701027,0.397822
34.550869,0.380221
34.286663,0.363197
34.183308,0.347663
34.251228,0.330212
34.293030,0.309891
34.294661,0.297157
34.055390,0.277143
33.936275,0.259152
33.998018,0.242028
34.072704,0.221054
34.059514,0.203053
33.698954,0.186037
33.609703,0.166811
33.330359,0.149115
33.280485,0.131805
33.502305,0.113484
33.627267,0.091273
33.779786,0.074968
33.636110,0.061412
33.556743,0.043145
33.308875,0.026699
33.198878,0.013545
32.964991,-0.003119
32.835339,-0.019779
32.956328,-0.031054
32.791886,-0.048235
32.985902,-0.066647
32.875961,-0.084916
32.777224,-0.101572
32.681976,-0.122761
32.524716,-0.137323
32.766626,-0.158386
32.839230,-0.174122
32.883649,-0.193743
32.670328,-0.208368
32.511069,-0.223619
32.506769,-0.239663
32.495282,-0.259937
32.452046,-0.281413
32.433091,-0.301141
32.477795,-0.315419
32.292841,-0.330697
32.144530,-0.344961
32.087576,-0.362660
32.237976,-0.380853
32.236729,-0.397357
32.162844,-0.414262
31.711070,-0.432464
31.442795,-0.449990
31.295581,-0.467998
31.170621,-0.485931
30.957861,-0.506076
30.987093,-0.520437
30.962550,-0.540659
30.575397,-0.558764
30.580142,-0.576075
30.383766,-0.595147
30.193147,-0.612332
30.158431,-0.629354
30.054203,-0.644895
29.891796,-0.660866
29.723381,-0.680036
29.789805,-0.699507
29.782774,-0.714871
29.751951,-0.731478
29.452682,-0.749846
29.344116,-0.766612
29.375473,-0.785374
29.410244,-0.805583
29.410247,-0.820805
29.296587,-0.840250
29.471680,-0.856490
29.180574,-0.874783
29.242534,-0.890859
29.168331,-0.908079
29.339628,-0.927281
29.133493,-0.943342
28.884170,-0.959935
28.644837,-0.978029
28.605067,-0.993887
28.392693,-1.010324
28.336601,-1.027718
28.083697,-1.045155
28.102419,-1.064880
27.892125,-1.083089
27.687109,-1.097181
27.583102,-1.114345
27.553668,-1.135719
27.381331,-1.153229
27.400570,-1.167545
27.486747,-1.187582
27.558576,-1.205904
27.801647,-1.223796
27.651899,-1.241922
27.413213,-1.261064
27.173505,-1.279521
27.157475,-1.295498
27.276263,-1.315385
27.457898,-1.333925
27.530185,-1.348905
27.610725,-1.366118
27.498907,-1.385437
27.247978,-1.403670
27.215118,-1.424274
26.969455,-1.443952
26.782603,-1.460959
26.783513,-1.480881
26.743717,-1.501287
26.607197,-1.516933
26.547504,-1.536637
26.686782,-1.554303
26.571502,-1.571988
26.399085,-1.589845
26.426569,-1.608853
26.490789,-1.611523
25.662799,-1.608830
24.957581,-1.611968
24.215039,-1.611180
23.457858,-1.615056
22.822967,-1.615121
21.875561,-1.613636
21.253098,-1.613823
20.670371,-1.612513
20.082907,-1.613169
19.548720,-1.611530
18.896954,-1.611113
18.290630,-1.610571
17.652926,-1.611262
17.107063,-1.610407
16.605359,-1.609176
16.226414,-1.605482
15.748024,-1.605558
15.155844,-1.605796
14.691721,-1.603987
14.378408,-1.602584
13.812530,-1.602882
13.564443,-1.601812
13.300692,-1.598816
12.792895,-1.597457
12.465666,-1.596020
12.091199,-1.592560
11.769827,-1.593373
11.638035,-1.593394
11.304119,-1.593547
11.115095,-1.593150
10.834351,-1.590353
10.561946,-1.589557
10.484259,-1.586730
10.294570,-1.582679
10.020620,-1.587027
9.912616,-1.590716
9.830309,-1.593723
9.799947,-1.593269
9.722131,-1.592877
9.607255,-1.591422
9.416919,-1.590801
9.267833,-1.588719
9.278365,-1.589050
9.385012,-1.590474
9.372488,-1.589553
9.509143,-1.589011
9.596701,-1.590359
9.626828,-1.591109
9.696469,-1.589158
9.676374,-1.589157
9.938342,-1.587901
10.094171,-1.589063
10.264678,-1.588555
10.578977,-1.590143
10.859455,-1.591931
11.189796,-1.591413
11.472160,-1.590372
11.875383,-1.589498
12.422851,-1.588858
12.721215,-1.588264
13.309366,-1.588495
13.705275,-1.587658
14.327647,-1.584417
14.794781,-1.583003
15.306190,-1.580109
15.902778,-1.583179
16.319896,-1.581650
17.039214,-1.577361
17.655984,-1.578767
18.248972,-1.576680
18.788060,-1.578755
19.395237,-1.581361
19.928845,-1.579935
20.551528,-1.578993
21.279089,-1.579108
21.894381,-1.575345
22.597375,-1.576795
23.029081,-1.579068
23.649394,-1.575180
24.416440,-1.575646
24.493008,-1.560857
24.630154,-1.541378
24.621972,-1.523859
24.813972,-1.509817
25.133582,-1.493387
25.359201,-1.474870
25.225677,-1.456073
25.100934,-1.438093
25.104229,-1.422888
25.295153,-1.406342
25.077348,-1.387837
25.021444,-1.369953
25.198590,-1.353201
25.256687,-1.336551
25.213490,-1.320196
24.976068,-1.304076
25.124326,-1.286740
25.126472,-1.266335
24.984218,-1.251664
24.778828,-1.233680
24.893991,-1.216428
24.738026,-1.199961
24.722821,-1.179574
24.848635,-1.159159
25.052295,-1.143486
25.359377,-1.129891
25.407470,-1.114675
25.231601,-1.101706
25.340203,-1.086802
25.344168,-1.067403
25.461625,-1.047894
25.614322,-1.029656
25.812131,-1.011441
25.756130,-0.994943
25.669201,-0.977017
25.712990,-0.958548
25.770984,-0.940987
25.749755,-0.923480
25.743171,-0.907399
25.876488,-0.889272
25.697395,-0.871641
25.832134,-0.854052
25.818456,-0.838169
25.826122,-0.820091
25.921187,-0.805838
25.789037,-0.789461
26.008492,-0.772486
25.946254,-0.755551
26.064703,-0.736513
26.251670,-0.720366
26.233360,-0.699556
26.238572,-0.680432
26.171223,-0.666123
26.099362,-0.647031
26.034349,-0.629906
26.248844,-0.617040
26.059866,-0.601991
25.914040,-0.583645
25.808990,-0.564770
25.708859,-0.548490
25.607737,-0.530050
25.563682,-0.513104
25.554132,-0.495755
25.646815,-0.479158
25.632618,-0.461006
25.462363,-0.443774
25.566992,-0.428531
25.621720,-0.413111
25.665315,-0.396233
25.535445,-0.383653
25.584077,-0.367522
25.487132,-0.350147
25.598569,-0.335111
25.412246,-0.315706
25.587101,-0.296103
25.430475,-0.278305
25.476202,-0.260948
25.638988,-0.244775
25.753937,-0.227823
25.717835,-0.213747
26.016688,-0.194248
26.128591,-0.175559
26.139744,-0.158823
26.159423,-0.142161
26.220432,-0.121858
26.377968,-0.104858
26.502036,-0.087575
26.360469,-0.071210
26.047864,-0.052153
25.772782,-0.035170
25.775691,-0.016316
25.462823,0.002381
25.483860,0.015099
25.423434,0.034779
25.603434,0.051940
25.493330,0.067702
25.214470,0.086279
25.111521,0.102001
25.129021,0.119019
25.149175,0.132909
25.151881,0.153475
25.172124,0.167473
25.034914,0.184671
24.802994,0.203812
24.736346,0.221022
24.795328,0.239717
24.617399,0.257245
24.402934,0.274331
24.480889,0.289974
24.335654,0.307135
24.415154,0.325573
24.294125,0.340684
24.249140,0.361168
24.101929,0.373149
23.903909,0.390250
23.995603,0.410432
24.024193,0.426905
23.984506,0.443877
23.792274,0.462222
23.776299,0.482718
23.781146,0.500999
23.597990,0.516088
23.715507,0.535924
23.718243,0.554549
23.909728,0.573970
23.664820,0.590331
23.781300,0.607864
23.700355,0.629147
23.575996,0.644498
23.699936,0.661009
23.846154,0.679870
23.847716,0.698286
23.614383,0.714334
23.615587,0.730815
23.527614,0.749669
23.320779,0.766579
22.962459,0.783498
22.742989,0.798860
22.593926,0.814603
22.645059,0.831490
22.881706,0.847776
22.828749,0.868440
23.036510,0.886596
22.975939,0.904888
22.913402,0.920422
22.796150,0.942035
22.689140,0.957367
22.783949,0.973108
22.923541,0.990600
22.836246,1.006922
22.629401,1.023115
22.516574,1.041797
22.529290,1.057370
22.456694,1.073278
22.064477,1.090369
21.843508,1.106886
21.875476,1.124027
21.723004,1.139830
21.592915,1.155198
21.600471,1.172928
21.701912,1.190375
21.757431,1.210573
21.800306,1.227294
21.485725,1.244884
21.443029,1.261017
21.273402,1.277863
21.259263,1.295920
21.086455,1.309790
20.815374,1.324810
20.705196,1.341269
20.563916,1.357518
20.440079,1.375989
20.429763,1.393239
20.233047,1.410258
20.178723,1.427290
20.130016,1.448176
20.172228,1.464238
19.970879,1.483667
19.799246,1.498389
19.613957,1.516303
19.702818,1.517883
18.863391,1.520108
18.146922,1.521840
17.448131,1.520806
16.686923,1.522855
15.949535,1.519485
15.305117,1.520351
14.768205,1.519137
14.167512,1.521472
13.279935,1.523886
12.816414,1.523914
12.216815,1.521780
11.801685,1.520532
11.218594,1.519962
10.849228,1.518652
10.357665,1.515241
9.847141,1.512612
9.377560,1.510497
9.003332,1.511614
8.548996,1.512000
8.052536,1.510322
7.642551,1.510296
7.236712,1.508387
6.850143,1.511867
6.512753,1.514031
6.128287,1.512978
5.815426,1.511431
5.488356,1.513352
5.230243,1.514201
4.947125,1.514704
4.736587,1.515602
4.574979,1.514997
4.331094,1.515311
4.196959,1.515276
4.066228,1.516843
4.050889,1.517548
4.007036,1.517685
4.044763,1.520040
3.978013,1.520142
3.907568,1.520561
3.921666,1.520984
3.899838,1.520445
3.857997,1.518994
3.863970,1.519219
4.059162,1.517625
4.198714,1.515597
4.331536,1.515570
4.458411,1.513643
4.655746,1.512603
4.694613,1.512940
4.835512,1.512207
4.973010,1.511756
5.218543,1.513263
5.520773,1.517569
5.727897,1.515935
6.053702,1.516067
6.318105,1.512748
6.580615,1.513617
6.959160,1.513067
7.371280,1.513257
7.780672,1.517713
8.179098,1.519321
8.468839,1.517894
8.827196,1.517903
9.307343,1.518805
9.941894,1.519891
10.546496,1.519594
11.094628,1.520732
11.720829,1.522261
12.300869,1.518878
12.809185,1.519151
13.504501,1.517308
14.045406,1.516231
14.542103,1.514882
15.341227,1.513775
15.916035,1.510181
16.392961,1.508472
17.109391,1.508886
17.880349,1.511219
18.630967,1.515596
19.714364,1.515112
19.615680,1.497990
19.627619,1.480549
19.754821,1.463727
20.018210,1.448511
20.197426,1.429860
20.139766,1.411774
20.311600,1.392823
20.279604,1.373856
20.173302,1.354906
20.240063,1.338926
20.150215,1.318635
20.496260,1.301628
20.535803,1.283773
20.915789,1.266881
20.993717,1.248829
21.150145,1.231467
21.079117,1.212583
21.129963,1.196401
21.254153,1.177626
21.090990,1.162711
21.228196,1.143154
21.493871,1.123678
21.585597,1.106187
21.783065,1.090803
21.912913,1.072627
22.018934,1.057101
21.773371,1.036186
21.805022,1.017128
21.804350,0.999525
21.871788,0.983739
22.156745,0.967215
22.100292,0.950153
22.335710,0.932460
22.485007,0.913032
22.553738,0.894496
22.367679,0.876191
22.629276,0.859489
22.870170,0.842784
22.934905,0.826537
23.178258,0.812061
23.192927,0.793593
23.380929,0.777895
23.628859,0.757791
23.704059,0.738055
23.702075,0.719151
23.473750,0.703345
23.489318,0.685016
23.488695,0.666788
23.430299,0.649929
23.400475,0.632720
23.608924,0.614013
23.500787,0.596444
23.543499,0.582052
23.287405,0.566003
23.396639,0.545990
23.402501,0.528356
23.447105,0.513451
23.690323,0.496110
23.490366,0.479877
23.569202,0.460716
23.696799,0.446172
23.659924,0.430760
23.530208,0.414515
23.465067,0.396343
23.341563,0.382424
23.269331,0.364441
23.267143,0.348226
23.377676,0.330243
23.643718,0.315017
23.369922,0.296249
23.394298,0.277314
23.193775,0.259811
23.247491,0.239882
23.086850,0.219668
23.472564,0.203880
23.470657,0.184176
23.435012,0.163986
23.152747,0.144337
23.187048,0.125553
23.187436,0.108189
23.137036,0.088110
23.231656,0.067495
23.198994,0.049901
23.327668,0.031098
23.315532,0.012896
23.154781,-0.002016
23.001614,-0.018308
22.972562,-0.038909
22.892904,-0.053433
22.955795,-0.071590
22.995674,-0.087795
22.732535,-0.107434
22.776531,-0.126357
22.687707,-0.149042
22.716372,-0.166932
22.694631,-0.182724
22.589444,-0.203203
22.479763,-0.218290
22.327596,-0.235612
22.294405,-0.253574
21.939973,-0.269724
21.837492,-0.284431
21.693217,-0.304613
21.655836,-0.318691
21.630426,-0.335329
21.400999,-0.349120
21.001615,-0.366392
20.933637,-0.385109
20.844877,-0.408130
20.883396,-0.427776
20.746992,-0.444161
20.673144,-0.461003
20.364433,-0.479017
20.395694,-0.493528
20.260914,-0.510361
20.430562,-0.530746
20.529713,-0.549169
20.364294,-0.565213
20.230247,-0.581756
20.167308,-0.603155
20.199736,-0.621662
20.379341,-0.638751
20.309406,-0.658102
20.386810,-0.677002
20.550560,-0.694710
20.362359,-0.712050
20.460981,-0.728521
20.368595,-0.745290
20.264669,-0.761256
20.136833,-0.781359
19.926580,-0.798424
19.733587,-0.817530
19.812391,-0.834365
19.752620,-0.851234
19.607181,-0.867584
19.559202,-0.883778
19.360058,-0.903761
19.344483,-0.921677
19.312356,-0.941898
19.261292,-0.960250
19.202955,-0.978063
19.006552,-0.996054
18.893347,-1.013783
18.652101,-1.027728
18.604242,-1.042983
18.479119,-1.060332
18.490393,-1.079239
18.415116,-1.098818
18.281571,-1.115960
17.989514,-1.135602
18.145497,-1.149749
17.878085,-1.169457
17.701945,-1.187784
17.719071,-1.204283
17.393046,-1.221626
17.244784,-1.239680
17.261770,-1.257431
17.298703,-1.273815
17.180606,-1.288429
17.227183,-1.306217
17.137663,-1.326593
17.051536,-1.345486
17.031860,-1.362979
17.018562,-1.380912
17.071000,-1.397571
16.976404,-1.418636
16.758851,-1.439945
16.678291,-1.457555
16.624785,-1.476109
16.537225,-1.492103
16.510737,-1.510970
16.431873,-1.529657
16.336924,-1.546959
16.327453,-1.564612
16.398898,-1.581500
16.440208,-1.598698
16.187473,-1.617150
16.019664,-1.634236
15.952890,-1.651936
15.956872,-1.667725
15.871392,-1.667272
15.153710,-1.667748
14.478455,-1.667503
13.706931,-1.671754
13.136964,-1.668830
12.346605,-1.668461
11.596601,-1.667304
10.957629,-1.668009
10.336714,-1.671322
9.752660,-1.670701
9.250388,-1.668248
8.647893,-1.668936
7.997430,-1.668034
7.425677,-1.668898
6.891752,-1.668804
6.448099,-1.667792
6.060743,-1.667762
5.755640,-1.670354
5.396653,-1.668508
5.018790,-1.668284
4.730826,-1.666899
4.359606,-1.665880
3.978853,-1.664127
3.663302,-1.665092
3.333718,-1.664550
3.109606,-1.667148
2.835470,-1.668292
2.587867,-1.670759
2.345850,-1.675134
2.156320,-1.676004
1.981657,-1.676018
1.879266,-1.679792
1.742583,-1.677671
1.615210,-1.677893
1.578215,-1.678061
1.516495,-1.677159
1.438639,-1.675173
1.471259,-1.673486
1.456076,-1.671834
1.472292,-1.672384
1.523021,-1.670482
1.643928,-1.671806
1.755775,-1.671693
1.874691,-1.669907
1.972636,-1.670951
2.143263,-1.669373
2.292714,-1.670071
2.493545,-1.670101
2.735210,-1.672798
3.019134,-1.675057
3.231956,-1.676999
3.526475,-1.676497
3.810369,-1.676631
4.215955,-1.675065
4.458868,-1.674175
4.820605,-1.674536
5.230055,-1.677285
5.610362,-1.681116
5.955788,-1.680326
6.481324,-1.679296
6.961751,-1.682551
7.429126,-1.682653
7.917822,-1.684147
8.277306,-1.682967
8.911636,-1.682290
9.579408,-1.679347
10.140168,-1.680773
10.827650,-1.681861
11.470414,-1.683651
12.112465,-1.682500
12.714513,-1.681892
13.557233,-1.683488
14.153035,-1.681344
14.935659,-1.681696
15.746924,-1.680795
16.441244,-1.681180
16.909289,-1.680364
17.638748,-1.678987
18.391959,-1.680784
19.223614,-1.679277
19.951258,-1.679124
20.194481,-1.659422
20.101174,-1.641514
20.150781,-1.620444
20.108987,-1.602923
20.258704,-1.582895
20.179284,-1.563442
20.119930,-1.545862
20.175733,-1.529797
19.947487,-1.512286
20.155708,-1.494341
20.383551,-1.474514
20.268756,-1.458202
20.334047,-1.442894
20.282441,-1.425741
20.471213,-1.408965
20.498128,-1.391105
20.717231,-1.374742
20.651555,-1.358334
20.689885,-1.339967
20.718414,-1.321693
20.742102,-1.302481
20.987710,-1.284543
20.962725,-1.268258
21.030010,-1.250207
21.141451,-1.232897
21.274727,-1.213864
21.048386,-1.197050
21.009850,-1.178532
21.183773,-1.157135
21.239028,-1.138723
21.335822,-1.121311
21.613608,-1.103967
21.683407,-1.086238
21.547554,-1.064848
21.695220,-1.049342
21.715213,-1.030475
21.650190,-1.011326
21.900096,-0.993207
22.003223,-0.973211
22.195634,-0.954425
22.310498,-0.938707
22.067832,-0.922270
22.081580,-0.904472
21.941452,-0.884848
21.815516,-0.865969
22.048229,-0.849060
22.072937,-0.831669
22.092171,-0.811937
21.942710,-0.799085
22.015674,-0.785946
22.097041,-0.773370
21.909948,-0.755972
21.929086,-0.737602
21.966961,-0.720631
21.746742,-0.703261
21.909548,-0.681003
21.871743,-0.664691
21.856830,-0.648060
21.769106,-0.633299
21.797704,-0.615046
21.692199,-0.597058
21.742768,-0.579082
21.706918,-0.558901
21.782730,-0.541900
21.633886,-0.522520
21.790146,-0.503990
21.794659,-0.487967
21.708082,-0.472485
21.597085,-0.455334
21.902451,-0.439773
21.904501,-0.421609
21.803783,-0.402524
22.034933,-0.382530
22.123436,-0.364551
22.100231,-0.350894
22.216413,-0.332261
22.142385,-0.314948
22.039021,-0.297768
22.123507,-0.284477
22.109924,-0.269024
21.998154,-0.252926
21.912552,-0.236783
21.936222,-0.219932
21.784013,-0.198840
21.817431,-0.180842
21.590470,-0.165629
21.578826,-0.145167
21.449995,-0.128799
21.267691,-0.109880
21.235048,-0.095241
21.356426,-0.079104
21.579424,-0.060969
21.654850,-0.044835
21.645707,-0.027591
21.812692,-0.008135
21.698357,0.013085
21.795496,0.031816
21.804444,0.051302
21.691209,0.068873
21.605845,0.089296
21.719299,0.101410
21.436758,0.119525
21.507388,0.139664
21.467386,0.158890
21.027815,0.178304
20.902997,0.194868
20.897989,0.212768
20.946994,0.233127
20.845036,0.248339
20.738560,0.267252
20.763729,0.280041
20.582299,0.296516
20.582270,0.312891
20.501192,0.331900
20.526469,0.348273
20.293745,0.364210
20.242313,0.383109
20.342178,0.400630
20.414841,0.415479
20.442653,0.432822
20.384786,0.450740
20.517770,0.464809
20.543445,0.482851
20.440700,0.499815
20.415828,0.517427
20.335480,0.533336
20.073818,0.551103
20.067062,0.568228
20.128823,0.586021
20.264462,0.605816
20.244206,0.621792
20.136444,0.641715
20.166089,0.657304
20.327869,0.674337
20.256831,0.691482
20.135999,0.711014
20.213423,0.730144
20.134196,0.748344
19.980713,0.767782
19.916357,0.782289
20.047378,0.798785
19.965464,0.814231
19.775040,0.829218
19.746288,0.850704
19.823094,0.867483
19.516326,0.888479
19.463258,0.906478
19.310108,0.924726
19.242875,0.946070
19.257196,0.963237
19.107296,0.980878
19.248695,1.001748
19.050362,1.019528
19.127327,1.038917
18.878583,1.057866
18.790787,1.077477
18.879280,1.093751
18.698760,1.108879
18.489408,1.124227
18.292971,1.143162
18.098598,1.160389
18.070161,1.177078
17.893445,1.191016
17.697563,1.204888
17.508494,1.224329
17.475866,1.242436
17.386135,1.258327
17.376992,1.275258
17.230747,1.289698
17.331977,1.307667
17.297728,1.326748
17.253779,1.344017
17.289342,1.360379
17.125664,1.377988
17.278611,1.395361
17.248050,1.409575
17.220267,1.427005
17.162701,1.444514
17.166488,1.462948
17.167685,1.480437
17.068001,1.482791
16.266711,1.483812
15.517449,1.484184
14.952683,1.486221
14.116417,1.483863
13.392860,1.482446
12.629847,1.481355
11.961951,1.482379
11.367141,1.486848
10.720809,1.488203
9.997246,1.485954
9.377028,1.487113
8.884272,1.487270
8.174087,1.486942
7.594812,1.485723
7.150537,1.483713
6.569726,1.479187
6.035221,1.479153
5.489504,1.477396
5.027004,1.477701
4.567898,1.476728
4.071853,1.478753
3.749296,1.477002
3.300125,1.477454
2.990671,1.476067
2.728870,1.475689
2.435359,1.476455
2.167528,1.474937
1.870550,1.475845
1.660377,1.474438
1.395378,1.473505
1.143770,1.473333
0.967395,1.473546
0.778103,1.471995
0.658189,1.473753
0.496133,1.474737
0.370807,1.473253
0.237050,1.474411
0.179259,1.473467
0.094200,1.471898
0.044178,1.471306
0.011138,1.472572
0.002566,1.470650
0.011032,1.473552
0.049941,1.473693
0.103632,1.472355
0.182249,1.471145
0.282029,1.469699
0.400451,1.470833
0.532389,1.469023
0.679711,1.471363
0.859494,1.474461
1.048011,1.478110
1.248619,1.477270
1.505729,1.480066
1.832983,1.480846
2.103731,1.483662
2.461673,1.482086
2.892276,1.480413
3.324415,1.479924
3.713398,1.479868
4.210086,1.477225
4.627684,1.476678
5.037105,1.478621
5.613783,1.479042
6.165382,1.482686
6.686300,1.477985
7.283216,1.475038
7.775848,1.474337
8.407800,1.476356
9.022836,1.477053
9.740145,1.475234
10.414252,1.472946
11.074985,1.472901
11.764231,1.471702
12.369736,1.473456
12.901532,1.472518
13.633959,1.473874
14.391876,1.472442
15.192247,1.468738
15.879443,1.469617
16.052486,1.454061
16.060515,1.432177
15.909944,1.415457
16.109181,1.398421
16.195584,1.381540
16.191216,1.362296
16.325046,1.343364
16.491159,1.328030
16.313846,1.311389
16.267350,1.296304
16.180557,1.277065
16.148716,1.260958
16.179281,1.237587
16.230757,1.221593
16.294564,1.201956
16.457349,1.183032
16.533284,1.165066
16.749695,1.148051
16.538812,1.131966
16.567196,1.114901
16.645736,1.096227
16.991404,1.080827
17.019317,1.064442
16.867697,1.046818
16.925444,1.032809
16.931798,1.017888
16.957530,1.001457
17.104320,0.983776
17.097028,0.967675
17.074591,0.950442
16.961055,0.936320
17.036391,0.922453
17.014000,0.905325
17.065405,0.888925
16.991130,0.869968
17.066305,0.852478
17.070200,0.833367
17.239527,0.815085
17.147129,0.798382
17.210005,0.782440
17.350333,0.762920
17.426899,0.743837
17.475484,0.725539
17.443580,0.711171
17.728562,0.691841
17.891136,0.673543
18.060487,0.653540
17.849763,0.638133
17.682557,0.622834
17.588190,0.606530
17.816791,0.587611
17.822879,0.569676
18.031384,0.552303
18.042828,0.532721
17.983866,0.516229
17.821323,0.496837
17.865644,0.481306
17.843681,0.465942
17.621913,0.449036
17.552680,0.431973
17.607852,0.414390
17.532653,0.396155
17.394470,0.380010
17.435699,0.363438
17.604748,0.345058
17.397932,0.325133
17.402500,0.305304
17.419125,0.286202
17.478461,0.269501
17.726743,0.251610
17.542576,0.236337
17.523956,0.219796
17.642105,0.197315
17.615472,0.181023
17.868052,0.165334
17.738225,0.150101
17.897097,0.134644
17.861496,0.119158
17.812909,0.098648
17.612571,0.081738
17.732220,0.063239
17.794406,0.047173
18.069246,0.028882
18.103831,0.010357
18.010366,-0.004415
18.087786,-0.023776
18.292072,-0.041673
18.446947,-0.059648
18.288711,-0.075342
18.311257,-0.090518
18.167826,-0.114527
18.227027,-0.132894
18.172751,-0.145764
18.269417,-0.158260
18.263173,-0.175308
18.057736,-0.192768
18.065698,-0.209133
18.147938,-0.226367
17.929850,-0.243856
18.035956,-0.260989
18.184991,-0.279881
17.937511,-0.298953
17.976176,-0.315400
18.042201,-0.332400
18.079282,-0.352320
18.167629,-0.369916
18.251831,-0.388045
18.082081,-0.405137
18.160582,-0.423791
18.215684,-0.441823
18.310272,-0.458407
18.079296,-0.474950
18.088279,-0.488621
18.244416,-0.504786
18.136872,-0.521032
18.101566,-0.541962
17.986975,-0.560711
17.962845,-0.578872
17.724896,-0.594883
17.735267,-0.613274
17.576171,-0.628247
17.649471,-0.644871
17.591694,-0.661981
17.454764,-0.674984
17.599146,-0.693704
17.351572,-0.711310
17.489379,-0.727752
17.361207,-0.743609
17.192215,-0.759490
17.305085,-0.780460
17.336244,-0.795809
17.423111,-0.809369
17.246287,-0.827796
17.277540,-0.845396
17.115813,-0.864586
17.029862,-0.884258
16.597915,-0.898101
16.422959,-0.916703
16.613354,-0.932939
16.726469,-0.950817
16.525081,-0.972859
16.467273,-0.987057
16.310816,-1.003721
16.253200,-1.021954
16.326071,-1.039094
16.063727,-1.058476
15.888058,-1.076572
15.850591,-1.094713
15.909135,-1.112503
15.951844,-1.131632
15.900439,-1.146977
15.827447,-1.166964
15.618896,-1.185579
15.743346,-1.202462
15.677396,-1.219054
15.661086,-1.237580
15.634079,-1.256833
15.424150,-1.275009
15.310037,-1.291254
15.334972,-1.309653
15.184433,-1.327611
15.102684,-1.347571
15.051163,-1.365643
14.947804,-1.379191
14.881531,-1.395665
14.959607,-1.415223
14.777757,-1.434507
14.644254,-1.448746
14.521650,-1.469197
14.169071,-1.484710
14.229075,-1.503150
14.322754,-1.520697
14.365055,-1.539384
14.445635,-1.555216
14.407439,-1.570596
14.392580,-1.587204
14.418332,-1.604747
14.390003,-1.620218
14.529262,-1.637962
14.566560,-1.655488
14.687284,-1.655835
13.942806,-1.654700
13.308704,-1.656399
12.575501,-1.658251
11.904752,-1.655927
11.332517,-1.657173
10.541254,-1.655707
9.966143,-1.654993
9.372899,-1.654061
8.930570,-1.655278
8.355556,-1.656796
7.709704,-1.657717
7.164874,-1.657166
6.690266,-1.656818
6.152962,-1.654020
5.774237,-1.653199
5.437731,-1.651129
4.967636,-1.652170
4.491784,-1.652255
4.045422,-1.650216
3.751266,-1.649540
3.432435,-1.647005
3.010571,-1.648945
2.858939,-1.648090
2.529352,-1.646848
2.268104,-1.643744
2.025452,-1.645238
1.828118,-1.643855
1.665968,-1.646155
1.456657,-1.643767
1.313566,-1.644869
1.219590,-1.644329
1.079604,-1.644776
1.015171,-1.644544
0.930494,-1.646357
0.877172,-1.642957
0.879571,-1.641248
0.842143,-1.640237
0.791461,-1.638942
0.863012,-1.641706
0.908249,-1.641238
0.978231,-1.642102
1.055280,-1.639073
1.204937,-1.637401
1.327742,-1.637088
1.480033,-1.635441
1.706303,-1.636613
1.880332,-1.635061
2.177043,-1.634147
2.389501,-1.635367
2.653152,-1.634238
2.900180,-1.631224
3.253606,-1.630324
3.583870,-1.631503
3.973356,-1.630033
4.240601,-1.633536
4.575695,-1.637602
4.964160,-1.635082
5.314457,-1.637613
5.679434,-1.638454
6.200351,-1.638920
6.625557,-1.641252
7.181814,-1.641266
7.801315,-1.639419
8.368906,-1.637090
9.069595,-1.635855
9.566216,-1.636109
10.224966,-1.636379
10.807098,-1.633713
11.499310,-1.632200
12.357155,-1.633024
12.935112,-1.636905
13.615948,-1.637535
14.323958,-1.637058
14.985595,-1.636789
15.623176,-1.635664
16.527072,-1.638389
17.450041,-1.640753
18.358710,-1.642054
19.428018,-1.642956
20.427294,-1.642937
20.321506,-1.624747
20.444030,-1.608176
20.828590,-1.589490
20.714347,-1.574068
20.827673,-1.560314
20.794714,-1.538309
20.856982,-1.519126
20.952083,-1.502767
20.948995,-1.484144
20.861485,-1.463688
21.020281,-1.445507
21.258596,-1.429249
21.507707,-1.409209
21.577656,-1.386856
21.733116,-1.368002
21.880613,-1.352177
21.915933,-1.332595
21.983925,-1.314997
22.160058,-1.297225
22.355750,-1.281714
22.427982,-1.266548
22.506500,-1.249001
22.562073,-1.230999
22.536918,-1.214820
22.824185,-1.196250
22.942084,-1.178115
23.254833,-1.161389
23.642548,-1.144733
23.674808,-1.125251
23.831441,-1.109424
23.906992,-1.095648
23.820520,-1.078217
23.799520,-1.061292
23.661712,-1.042634
23.650033,-1.026794
23.647281,-1.008760
23.692486,-0.989914
23.616697,-0.974961
23.702606,-0.960902
23.450510,-0.947154
23.649665,-0.934304
23.752181,-0.915694
23.807164,-0.897502
23.845394,-0.880504
23.875217,-0.865147
23.927889,-0.848085
24.219804,-0.829511
24.183778,-0.811854
24.211654,-0.792722
24.426209,-0.776189
24.441046,-0.754328
24.271139,-0.737935
24.202012,-0.720907
24.219076,-0.703604
24.315405,-0.688410
24.320936,-0.671694
24.151275,-0.655761
24.123550,-0.639880
24.169385,-0.620839
24.331268,-0.601168
24.197112,-0.585479
24.166572,-0.569566
24.112898,-0.553384
24.161828,-0.533976
24.165287,-0.517824
24.389464,-0.500973
24.455442,-0.485083
24.621022,-0.469933
24.463059,-0.453046
24.716902,-0.438094
24.823026,-0.420409
24.767632,-0.399803
24.939158,-0.381435
25.176026,-0.364234
25.216952,-0.344115
25.273778,-0.327145
25.500020,-0.308425
25.428322,-0.290852
25.194687,-0.270747
25.441778,-0.251501
25.593760,-0.233331
25.501836,-0.214748
25.661802,-0.198555
25.824989,-0.183040
26.039222,-0.162239
26.158235,-0.143028
26.136560,-0.123207
26.019000,-0.105089
25.957676,-0.087002
26.091009,-0.069481
25.918023,-0.051078
25.924234,-0.033467
25.819229,-0.015601
25.958859,0.003546
26.124280,0.023485
26.026622,0.043552
26.110432,0.056570
26.013927,0.073138
25.904301,0.087608
25.805097,0.105508
25.953475,0.124340
25.832171,0.142042
25.682222,0.162404
25.941050,0.180299
25.661974,0.196710
25.887289,0.210939
25.969905,0.228478
25.873456,0.248260
25.883138,0.263671
25.963913,0.282263
25.854396,0.302583
25.589526,0.319794
25.582841,0.336181
25.973160,0.353175
26.062980,0.369010
26.268147,0.387609
26.367051,0.404159
26.370166,0.420571
26.344084,0.439868
25.993107,0.456277
26.242852,0.476214
26.247752,0.493304
26.264887,0.512594
25.957064,0.527592
25.923125,0.548170
25.857838,0.563290
25.768992,0.581622
25.741997,0.599350
25.780218,0.617534
25.873457,0.635589
25.820845,0.655202
25.980623,0.672803
25.965724,0.693749
25.940635,0.711125
25.800851,0.729777
25.989895,0.747767
25.980150,0.766191
25.987291,0.783308
25.799426,0.803829
25.726724,0.818810
25.780690,0.834276
25.665226,0.848521
25.436427,0.867957
25.673044,0.886751
25.559221,0.905322
25.621414,0.925295
25.730425,0.937129
25.747194,0.954513
25.777579,0.970837
26.079396,0.990987
26.032234,1.009305
26.244946,1.027287
26.322304,1.044594
26.108746,1.061041
26.110599,1.080405
25.973873,1.098452
25.949484,1.118250
25.934321,1.136364
25.539737,1.154058
25.452019,1.169540
25.538784,1.189366
25.725594,1.205268
25.423964,1.225434
25.270424,1.242347
25.454659,1.260454
25.380189,1.274730
25.375243,1.290979
25.342290,1.306078
25.002121,1.319711
24.885234,1.337387
25.007289,1.353911
24.784365,1.369625
24.772098,1.385011
24.531299,1.403118
24.311959,1.419298
24.156256,1.440867
23.846652,1.457372
23.636147,1.471734
23.451258,1.488747
23.392325,1.506270
23.235739,1.506972
22.401030,1.507479
21.391546,1.511341
20.619139,1.513153
19.710658,1.512763
18.846795,1.513779
18.205061,1.515452
17.171469,1.515165
16.257724,1.515900
15.713879,1.517227
14.969214,1.516869
14.234289,1.518927
13.563622,1.519160
12.916713,1.518985
12.359845,1.521520
11.837692,1.520059
11.029514,1.519574
10.574302,1.520104
10.019313,1.520679
9.315351,1.520396
8.735789,1.519372
8.199589,1.516326
7.779639,1.517280
7.362933,1.519331
6.779811,1.516581
6.310895,1.516678
5.938925,1.518055
5.556052,1.515428
5.166980,1.514034
4.794193,1.513862
4.392327,1.511932
4.167397,1.509500
3.913495,1.509189
3.678082,1.508504
3.518020,1.509477
3.298808,1.507588
3.139745,1.505698
2.926137,1.505118
2.756982,1.506043
2.649394,1.506147
2.496941,1.505095
2.441847,1.505120
2.321431,1.507149
2.272647,1.507949
2.231172,1.508642
2.252332,1.507719
2.175048,1.509678
2.179896,1.508859
2.165373,1.512687
2.212886,1.513090
2.221679,1.513816
2.230579,1.513379
2.364362,1.511296
2.562551,1.510442
2.701168,1.509928
2.905964,1.510565
3.153154,1.509312
3.356136,1.509748
3.708562,1.508716
3.980001,1.507304
4.248170,1.508180
4.570163,1.506906
4.905359,1.506918
5.153179,1.506401
5.462893,1.507813
5.827205,1.509847
6.227915,1.509438
6.628842,1.509063
7.078099,1.511363
7.515216,1.512930
7.962361,1.511669
8.402074,1.512246
8.970289,1.515892
9.434002,1.517216
9.949193,1.514891
10.455221,1.515585
11.079605,1.516023
11.775971,1.515280
12.402802,1.513487
12.890358,1.514928
13.226748,1.515543
13.123468,1.497763
13.184061,1.481655
13.393971,1.461790
13.419352,1.443825
13.516959,1.426636
13.451556,1.408024
13.360246,1.387610
13.666185,1.366762
14.001632,1.350302
14.152028,1.333038
14.204750,1.316597
14.200300,1.297815
14.279498,1.281054
14.304525,1.261770
14.330460,1.245936
14.343221,1.228444
14.329690,1.208817
14.367039,1.192954
14.486317,1.176862
14.763031,1.155924
14.808713,1.137745
14.864622,1.120556
15.073949,1.101138
15.089599,1.083784
15.154826,1.066591
15.178183,1.046527
15.341070,1.028511
15.374840,1.006926
15.544144,0.986111
15.670015,0.972994
15.854070,0.956126
15.885244,0.939570
16.051507,0.925136
16.140320,0.908595
16.446736,0.893160
16.474270,0.874718
16.496794,0.861202
16.502053,0.846350
16.523741,0.828760
16.409757,0.811786
16.495888,0.797616
16.603341,0.778753
16.593415,0.762290
16.726525,0.743757
16.866186,0.724348
17.003975,0.705365
16.995254,0.689237
17.071347,0.674774
17.259213,0.659711
17.408384,0.642945
17.629922,0.626550
17.574414,0.606937
17.599009,0.589637
17.609885,0.574742
17.804070,0.556223
17.659048,0.535450
17.732954,0.520644
17.849056,0.501082
18.027459,0.483146
18.160902,0.465060
18.095600,0.450738
18.052935,0.432442
18.046272,0.412172
17.979598,0.393535
17.861793,0.376846
17.955138,0.358307
18.039639,0.340579
18.116967,0.325537
18.284921,0.307404
18.422436,0.287622
18.537784,0.271803
18.555805,0.252647
18.699345,0.235457
18.496407,0.222066
18.560764,0.203926
18.572018,0.187247
18.500864,0.169533
18.686078,0.152983
18.698931,0.136812
18.846334,0.122004
18.890819,0.107900
18.853424,0.092481
18.901327,0.075036
18.885979,0.057669
18.938638,0.039830
19.003835,0.022426
19.157505,0.006124
19.197785,-0.008267
19.305172,-0.028626
19.330803,-0.044974
19.404199,-0.060662
19.527217,-0.077564
19.405851,-0.096778
19.574708,-0.114571
19.544364,-0.134923
19.643122,-0.156157
19.570277,-0.173640
19.335502,-0.192072
19.598096,-0.211247
19.666204,-0.229554
19.695029,-0.245423
19.683467,-0.264416
19.683246,-0.282012
19.878704,-0.302101
19.904706,-0.318981
19.927471,-0.338597
19.829150,-0.357391
19.808754,-0.372938
19.918097,-0.393223
19.612813,-0.412874
19.719261,-0.430253
19.687137,-0.449871
19.601266,-0.467050
19.533550,-0.484188
19.349009,-0.501580
19.452050,-0.518563
19.400180,-0.539038
19.396610,-0.556184
19.240577,-0.573774
19.157633,-0.590070
19.303143,-0.604325
19.431403,-0.620450
19.342663,-0.638058
19.231654,-0.657510
19.110525,-0.678902
19.047526,-0.699238
18.892548,-0.716360
18.970619,-0.732263
18.993005,-0.749433
18.956041,-0.769622
18.850529,-0.789388
18.918128,-0.803470
18.930018,-0.820964
18.983186,-0.836882
18.868233,-0.853021
18.833948,-0.872322
18.720842,-0.889046
18.537906,-0.907595
18.473060,-0.922343
18.706955,-0.940325
18.552709,-0.958208
18.363025,-0.978620
18.549320,-0.996375
18.445283,-1.013269
18.365956,-1.030842
18.476573,-1.047463
18.269531,-1.064818
18.121291,-1.079895
17.968123,-1.094759
17.968730,-1.108532
17.994066,-1.129668
17.938695,-1.148096
17.915257,-1.165422
18.075586,-1.183111
17.900427,-1.199366
17.841458,-1.216566
17.799851,-1.230478
17.669225,-1.246768
17.600417,-1.263004
17.829343,-1.277484
17.724395,-1.296844
17.805220,-1.315186
17.770361,-1.329525
17.659297,-1.345022
17.664753,-1.362858
17.590312,-1.379105
17.484217,-1.396715
17.294068,-1.416932
17.408974,-1.434196
17.292812,-1.449458
16.997019,-1.465662
16.994231,-1.486081
16.979634,-1.503914
17.026939,-1.520563
17.045199,-1.537480
16.980001,-1.556363
16.884703,-1.573152
16.810360,-1.590632
16.670861,-1.607227
16.596782,-1.624608
16.727052,-1.625607
15.976942,-1.623614
15.179887,-1.622511
14.511230,-1.622897
13.944388,-1.621353
13.138776,-1.620241
12.656880,-1.620345
12.055348,-1.619129
11.609692,-1.621816
11.164460,-1.621077
10.680582,-1.621304
10.324807,-1.620446
9.864758,-1.622446
9.406906,-1.624592
8.875381,-1.626007
8.477802,-1.628455
8.072416,-1.627631
7.644404,-1.627563
7.286261,-1.627086
6.815965,-1.625537
6.510424,-1.625438
6.334416,-1.625955
6.025876,-1.626110
5.760753,-1.625335
5.489940,-1.625958
5.168215,-1.629103
4.914663,-1.629900
4.663204,-1.631090
4.569999,-1.631168
4.284567,-1.630400
4.098208,-1.626104
3.910609,-1.626350
3.786678,-1.623306
3.755436,-1.620031
3.741098,-1.617883
3.742391,-1.619986
3.710181,-1.621323
3.608791,-1.618801
3.547470,-1.617849
3.493616,-1.618713
3.485705,-1.617970
3.582479,-1.615374
3.631738,-1.617357
3.775907,-1.617489
3.869507,-1.617227
3.991201,-1.615836
4.255158,-1.612962
4.542835,-1.615328
4.740481,-1.614145
4.974505,-1.615788
5.098129,-1.616186
5.351588,-1.619233
5.661700,-1.615656
6.011338,-1.613897
6.282449,-1.612365
6.693601,-1.614522
7.135049,-1.614661
7.555703,-1.616994
8.044618,-1.616541
8.648767,-1.614320
9.108290,-1.612290
9.487322,-1.614468
10.133114,-1.614910
10.677819,-1.611775
11.145063,-1.612993
11.648385,-1.612441
12.255435,-1.615880
12.920068,-1.614947
13.686660,-1.614534
14.352478,-1.614746
15.150214,-1.615929
15.947107,-1.614859
16.615326,-1.613645
17.348885,-1.613418
18.244346,-1.613840
18.867761,-1.617311
19.776029,-1.615735
20.529882,-1.616923
21.048428,-1.619037
21.787555,-1.617080
22.658883,-1.617211
22.656551,-1.599654
22.664758,-1.585197
22.885893,-1.565288
23.078595,-1.547979
23.337834,-1.532696
23.394306,-1.516517
23.583102,-1.501207
23.807938,-1.480405
23.805620,-1.458912
24.061908,-1.438702
23.955955,-1.421052
23.846810,-1.404429
23.775829,-1.386722
23.764225,-1.368229
23.762372,-1.352860
23.863372,-1.334930
24.054107,-1.319403
23.962434,-1.304265
24.064680,-1.286745
23.890490,-1.270464
23.878268,-1.255344
24.044754,-1.240584
24.500952,-1.220405
24.731992,-1.206498
24.614735,-1.190640
24.603475,-1.169728
24.635384,-1.153061
24.775586,-1.137815
24.886531,-1.120696
24.880138,-1.105025
25.120499,-1.081913
25.083360,-1.065184
25.047699,-1.045499
25.477235,-1.028475
25.623307,-1.010297
25.570989,-0.991330
25.578373,-0.974206
25.720190,-0.958703
25.886555,-0.939365
26.021834,-0.923829
26.063805,-0.906608
26.103272,-0.890686
26.132140,-0.873399
26.270267,-0.851756
26.248682,-0.832975
26.152460,-0.816789
26.212492,-0.797606
26.249751,-0.781401
26.604981,-0.763411
26.804606,-0.747006
26.933763,-0.731971
26.852119,-0.716222
26.876022,-0.700804
26.953099,-0.682714
26.944366,-0.663641
27.164105,-0.643877
27.169437,-0.625066
27.095687,-0.609229
26.988331,-0.594315
26.960937,-0.575463
26.925100,-0.559614
26.851670,-0.542641
26.767460,-0.526252
26.851034,-0.510466
26.744946,-0.495462
26.985578,-0.478783
27.109892,-0.466053
27.123878,-0.447264
27.113105,-0.428961
27.235354,-0.413251
27.146725,-0.394352
27.274860,-0.375891
27.071214,-0.354691
27.133652,-0.335905
27.501974,-0.321698
27.598987,-0.303744
27.511450,-0.287826
27.810112,-0.266714
27.950967,-0.248815
28.093489,-0.229947
28.099807,-0.213001
28.152935,-0.197382
28.293566,-0.178093
28.435425,-0.161448
28.357702,-0.142905
28.450461,-0.126305
28.481418,-0.107306
28.361570,-0.092611
28.546207,-0.070490
28.372570,-0.055272
28.765918,-0.038796
29.132030,-0.023789
29.165605,-0.006220
29.168044,0.009264
29.287600,0.027301
29.093577,0.046526
28.985909,0.063294
29.300968,0.079713
29.387279,0.094120
29.247010,0.110147
29.398181,0.128897
29.778355,0.146333
29.659706,0.165554
29.750191,0.183896
29.776425,0.199883
30.105618,0.216359
30.428037,0.230173
30.324004,0.244626
30.413092,0.261774
30.453236,0.282332
30.601481,0.298306
30.669180,0.318229
30.507778,0.332632
30.777555,0.351330
30.850338,0.369502
30.760340,0.387347
30.424351,0.400210
30.293512,0.418949
30.441848,0.435177
30.445267,0.456142
30.495304,0.472850
30.561535,0.487811
30.656605,0.505480
30.430598,0.520527
30.680676,0.535399
30.746493,0.553817
30.883915,0.569679
30.530524,0.586706
30.741342,0.602869
30.702999,0.619666
30.824702,0.638144
31.073165,0.653899
30.940554,0.674654
30.902360,0.691604
30.903551,0.707127
30.848996,0.725520
30.914103,0.743071
30.895655,0.759393
30.766203,0.778270
30.468952,0.794347
30.246628,0.811860
30.323672,0.825181
30.426941,0.838506
30.548893,0.854918
30.588964,0.872008
30.253594,0.886837
30.332167,0.906944
30.184984,0.926022
30.143883,0.945944
30.214609,0.957539
30.130302,0.975286
29.981227,0.992850
29.863296,1.011496
30.152760,1.029792
30.156302,1.043383
29.745224,1.058842
29.553330,1.071365
29.278858,1.091353
29.242415,1.107451
29.087312,1.126769
28.825038,1.144384
28.851871,1.161273
28.973680,1.180843
28.712547,1.201249
28.571579,1.218496
28.466058,1.237497
28.505507,1.257447
28.542098,1.277077
28.473832,1.295039
28.373154,1.313314
28.145880,1.331129
28.191385,1.345370
28.046604,1.361556
28.087458,1.377171
27.876456,1.390807
27.597414,1.405992
27.195308,1.424529
27.050236,1.445096
27.021053,1.462709
26.892359,1.479623
